  5.000000000000000E-005  -500309.082467500     
  5.069629442438161E-005  -493446.504324071     
  5.140228536727172E-005  -486678.149549614     
  5.211810786130579E-005  -480002.694219993     
  5.284389881956872E-005  -473418.829048545     
  5.357979706178175E-005  -466925.259861801     
  5.432594334085408E-005  -460520.145030889     
  5.508248036980424E-005  -454207.368346472     
  5.584955284905632E-005  -447977.421182930     
  5.662730749411640E-005  -441835.148618351     
  5.741589306363432E-005  -435776.387466353     
  5.821546038785630E-005  -429801.186633394     
  5.902616239747376E-005  -423907.944475582     
  5.984815415287385E-005  -418095.688692655     
  6.068159287379739E-005  -412363.246276533     
  6.152663796940978E-005  -406709.533780577     
  6.238345106879069E-005  -401133.457937038     
  6.325219605184834E-005  -395633.948078056     
  6.413303908066422E-005  -390209.946214291     
  6.502614863127451E-005  -384860.409077706     
  6.593169552589383E-005  -379584.307801111     
  6.684985296558794E-005  -374380.627419154     
  6.778079656340134E-005  -369248.367066019     
  6.872470437794615E-005  -364186.539519284     
  6.968175694745891E-005  -359194.171038949     
  7.065213732433150E-005  -354270.301395965     
  7.163603111012303E-005  -349413.983487604     
  7.263362649105914E-005  -344624.283231834     
  7.364511427402596E-005  -339900.279480910     
  7.467068792306498E-005  -335241.063720838     
  7.571054359637636E-005  -330645.740036044     
  7.676488018383750E-005  -326113.424869656     
  7.783389934504407E-005  -321643.246872920     
  7.891780554788074E-005  -317234.346829634     
  8.001680610762916E-005  -312885.877316002     
  8.113111122662049E-005  -308597.002773148     
  8.226093403444010E-005  -304366.899303898     
  8.340649062869217E-005  -300194.754322834     
  8.456800011633208E-005  -296079.766684165     
  8.574568465557418E-005  -292021.146370393     
  8.693976949838338E-005  -288018.114413457     
  8.815048303355832E-005  -284069.902768736     
  8.937805683041456E-005  -280175.754082221     
  9.062272568307614E-005  -276334.921606056     
  9.188472765538396E-005  -272546.669145649     
  9.316430412642929E-005  -268810.270872732     
  9.446169983672179E-005  -265125.010961947     
  9.577716293500016E-005  -261490.183926797     
  9.711094502569474E-005  -257905.094084021     
  9.846330121705115E-005  -254369.055483260     
  9.983449016992393E-005  -250881.392084832     
  1.012247741472499E-004  -247441.437185963     
  1.026344190642103E-004  -244048.533608297     
  1.040636945390914E-004  -240702.033477397     
  1.055128739448538E-004  -237401.298060432     
  1.069822344614194E-004  -234145.697659161     
  1.084720571286868E-004  -230934.611552971     
  1.099826269002850E-004  -227767.427760585     
  1.115142326980752E-004  -224643.543042891     
  1.130671674674125E-004  -221562.362742528     
  1.146417282331761E-004  -218523.300360935     
  1.162382161565807E-004  -215525.778159249     
  1.178569365927786E-004  -212569.226343993     
  1.194981991492635E-004  -209653.083083465     
  1.211623177450890E-004  -206776.794795802     
  1.228496106709102E-004  -203939.815608488     
  1.245604006498623E-004  -201141.607341544     
  1.262950148992871E-004  -198381.639444475     
  1.280537851933184E-004  -195659.388970232     
  1.298370479263398E-004  -192974.340242968     
  1.316451441773253E-004  -190325.984997520     
  1.334784197750770E-004  -187713.822030229     
  1.353372253643701E-004  -185137.357220244     
  1.372219164730198E-004  -182596.103534609     
  1.391328535798823E-004  -180089.580588341     
  1.410704021838018E-004  -177617.314861828     
  1.430349328735189E-004  -175178.839526193     
  1.450268213985514E-004  -172773.694157275     
  1.470464487410634E-004  -170401.424904577     
  1.490942011887338E-004  -168061.584220275     
  1.511704704086406E-004  -165753.730673896     
  1.532756535221743E-004  -163477.429184309     
  1.554101531809930E-004  -161232.250577625     
  1.575743776440374E-004  -159017.771670845     
  1.597687408556163E-004  -156833.575217033     
  1.619936625245810E-004  -154679.249592729     
  1.642495682046014E-004  -152554.389002211     
  1.665368893755604E-004  -150458.593151177     
  1.688560635260816E-004  -148391.467273958     
  1.712075342372064E-004  -146352.622069624     
  1.735917512672362E-004  -144341.673510809     
  1.760091706377565E-004  -142358.242887033     
  1.784602547208585E-004  -140401.956597630     
  1.809454723275756E-004  -138472.446174723     
  1.834652987975514E-004  -136569.348209539     
  1.860202160899562E-004  -134692.304146763     
  1.886107128756701E-004  -132840.960349459     
  1.912372846307495E-004  -131014.967993022     
  1.939004337311949E-004  -129213.982929292     
  1.966006695490390E-004  -127437.665689107     
  1.993385085497728E-004  -125685.681385788     
  2.021144743911278E-004  -123957.699630293     
  2.049290980232351E-004  -122253.394510693     
  2.077829177901777E-004  -120572.444480079     
  2.106764795329585E-004  -118914.532309696     
  2.136103366939014E-004  -117279.345044285     
  2.165850504225062E-004  -115666.573909373     
  2.196011896827783E-004  -114075.914293371     
  2.226593313620520E-004  -112507.065632123     
  2.257600603813307E-004  -110959.731407219     
  2.289039698071622E-004  -109433.619065051     
  2.320916609650730E-004  -107928.439941901     
  2.353237435545820E-004  -106443.909263538     
  2.386008357658153E-004  -104979.746032992     
  2.419235643977458E-004  -103535.673015751     
  2.452925649780793E-004  -102111.416680356     
  2.487084818848093E-004  -100706.707140050     
  2.521719684694655E-004  -99321.2781216907     
  2.556836871820779E-004  -97954.8668903526     
  2.592443096978822E-004  -96607.2142327512     
  2.628545170457880E-004  -95278.0643882274     
  2.665149997386381E-004  -93967.1650105226     
  2.702264579052797E-004  -92674.2671263823     
  2.739896014244765E-004  -91399.1250840875     
  2.778051500606845E-004  -90141.4965222560     
  2.816738336017195E-004  -88901.1423092022     
  2.855963919983410E-004  -87677.8265176594     
  2.895735755057799E-004  -86471.3163726682     
  2.936061448272383E-004  -85281.3822176247     
  2.976948712593860E-004  -84107.7974714372     
  3.018405368398842E-004  -82950.3385847132     
  3.060439344969635E-004  -81808.7850102561     
  3.103058682010844E-004  -80682.9191557406     
  3.146271531187106E-004  -79572.5263509723     
  3.190086157682229E-004  -78477.3948085442     
  3.234510941780051E-004  -77397.3155873230     
  3.279554380467306E-004  -76332.0825567556     
  3.325225089058819E-004  -75281.4923584477     
  3.371531802845329E-004  -74245.3443751584     
  3.418483378764259E-004  -73223.4406919466     
  3.466088797093754E-004  -72215.5860625314     
  3.514357163170312E-004  -71221.5878733439     
  3.563297709130334E-004  -70241.2561193733     
  3.612919795675918E-004  -69274.4033585518     
  3.663232913865260E-004  -68320.8446713595     
  3.714246686927971E-004  -67380.3976653055     
  3.765970872105688E-004  -66452.8824072718     
  3.818415362518301E-004  -65538.1213888568     
  3.871590189056192E-004  -64635.9395223346     
  3.925505522298800E-004  -63746.1641001489     
  3.980171674459918E-004  -62868.6247469223     
  4.035599101360079E-004  -62003.1534109076     
  4.091798404426408E-004  -61149.5843210474     
  4.148780332720320E-004  -60307.7539590397     
  4.206555784993465E-004  -59477.5010398771     
  4.265135811772288E-004  -58658.6664605388     
  4.324531617471636E-004  -57851.0933116541     
  4.384754562537785E-004  -57054.6267964216     
  4.445816165621324E-004  -56269.1142361908     
  4.507728105780279E-004  -55494.4050513332     
  4.570502224713939E-004  -54730.3506989664     
  4.634150529027780E-004  -53976.8046765579     
  4.698685192529923E-004  -53233.6224767855     
  4.764118558559584E-004  -52500.6615802762     
  4.830463142347943E-004  -51777.7814067698     
  4.897731633411898E-004  -51064.8432921328     
  4.965936897981140E-004  -50361.7104945440     
  5.035091981459043E-004  -49668.2481294675     
  5.105210110917812E-004  -48984.3231514602     
  5.176304697628387E-004  -48309.8043608160     
  5.248389339625566E-004  -47644.5623428520     
  5.321477824308870E-004  -46988.4694554421     
  5.395584131079602E-004  -46341.3998177468     
  5.470722434014653E-004  -45703.2292676230     
  5.546907104577530E-004  -45073.8353526460     
  5.624152714367132E-004  -44453.0972994095     
  5.702474037904822E-004  -43840.8959902875     
  5.781886055460303E-004  -43237.1139526197     
  5.862403955916837E-004  -42641.6353186045     
  5.944043139676388E-004  -42054.3458173925     
  6.026819221605196E-004  -41475.1327493816     
  6.110748034020390E-004  -40903.8849599810     
  6.195845629718176E-004  -40340.4928318266     
  6.282128285044214E-004  -39784.8482445374     
  6.369612503006740E-004  -39236.8445699758     
  6.458315016433038E-004  -38696.3766520448     
  6.548252791169885E-004  -38163.3407732268     
  6.639443029328542E-004  -37637.6346449308     
  6.731903172574959E-004  -37119.1573903936     
  6.825650905465776E-004  -36607.8095188343     
  6.920704158830799E-004  -36103.4929080413     
  7.017081113202565E-004  -35606.1107877545     
  7.114800202293695E-004  -35115.5677211084     
  7.213880116522619E-004  -34631.7695838461     
  7.314339806588461E-004  -34154.6235480027     
  7.416198487095662E-004  -33684.0380642886     
  7.519475640229103E-004  -33219.9228427368     
  7.624191019480397E-004  -32762.1888416725     
  7.730364653426088E-004  -32310.7482410096     
  7.838016849558433E-004  -31865.5144297273     
  7.947168198169567E-004  -31426.4019940932     
  8.057839576289734E-004  -30993.3266954904     
  8.170052151680373E-004  -30566.2054539747     
  8.283827386882811E-004  -30144.9563335201     
  8.399187043323334E-004  -29729.4985328841     
  8.516153185475421E-004  -29319.7523560411     
  8.634748185079947E-004  -28915.6392072235     
  8.754994725424155E-004  -28517.0815809948     
  8.876915805680218E-004  -28124.0030271831     
  9.000534745304223E-004  -27736.3281581735     
  9.125875188496384E-004  -27353.9826216964     
  9.252961108723435E-004  -26976.8930878645     
  9.381816813303914E-004  -26604.9872436328     
  9.512466948057379E-004  -26238.1937646807     
  9.644936502018314E-004  -25876.4423122717     
  9.779250812215713E-004  -25519.6635181561     
  9.915435568519212E-004  -25167.7889688681     
  1.005351681855271E-003  -24820.7511910715     
  1.019352097267641E-003  -24478.4836459051     
  1.033547480903825E-003  -24140.9207057530     
  1.047940547869564E-003  -23807.9976485989     
  1.062534051080864E-003  -23479.6506492114     
  1.077330781790528E-003  -23155.8167533177     
  1.092333570122037E-003  -22836.4338787447     
  1.107545285610853E-003  -22521.4407981861     
  1.122968837753273E-003  -22210.7771257719     
  1.138607176562911E-003  -21904.3833097665     
  1.154463293134944E-003  -21602.2006175686     
  1.170540220218205E-003  -21304.1711242962     
  1.186841032795252E-003  -21010.2377038196     
  1.203368848670505E-003  -20720.3440202292     
  1.220126829066581E-003  -20434.4345063282     
  1.237118179228931E-003  -20152.4543634901     
  1.254346149038895E-003  -19874.3495530770     
  1.271814033635302E-003  -19600.0667732592     
  1.289525174044712E-003  -19329.5534578612     
  1.307482957820454E-003  -19062.7577660463     
  1.325690819690541E-003  -18799.6285702519     
  1.344152242214629E-003  -18540.1154474813     
  1.362870756450111E-003  -18284.1686697694     
  1.381849942627490E-003  -18031.7391893014     
  1.401093430835161E-003  -17782.7786385156     
  1.420604901713725E-003  -17537.2393154747     
  1.440388087159974E-003  -17295.0741702873     
  1.460446771040678E-003  -17056.2368081412     
  1.480784789916313E-003  -16820.6814652976     
  1.501406033774870E-003  -16588.3630124032     
  1.522314446775876E-003  -16359.2369430502     
  1.543514028004789E-003  -16133.2593576323     
  1.565008832237879E-003  -15910.3869664585     
  1.586802970717783E-003  -15690.5770723429     
  1.608900611939843E-003  -15473.7875663452     
  1.631305982449400E-003  -15259.9769218447     
  1.654023367650197E-003  -15049.1041797780     
  1.677057112624032E-003  -14841.1289469006     
  1.700411622961824E-003  -14636.0113866081     
  1.724091365606265E-003  -14433.7122076035     
  1.748100869706187E-003  -14234.1926634029     
  1.772444727482849E-003  -14037.4145384913     
  1.797127595108266E-003  -13843.3401417812     
  1.822154193595790E-003  -13651.9323036491     
  1.847529309703076E-003  -13463.1543654306     
  1.873257796847634E-003  -13276.9701712193     
  1.899344576035122E-003  -13093.3440639421     
  1.925794636800576E-003  -12912.2408779379     
  1.952613038162741E-003  -12733.6259287503     
  1.979804909591691E-003  -12557.4650122457     
  2.007375451989932E-003  -12383.7243932057     
  2.035329938687154E-003  -12212.3707999171     
  2.063673716448850E-003  -12043.3714209181     
  2.092412206498975E-003  -11876.6938936452     
  2.121550905556840E-003  -11712.3063016926     
  2.151095386888458E-003  -11550.1771686349     
  2.181051301372527E-003  -11390.2754498079     
  2.211424378581246E-003  -11232.5705279469     
  2.242220427876200E-003  -11077.0322074179     
  2.273445339519495E-003  -10923.6307077516     
  2.305105085800371E-003  -10772.3366580978     
  2.337205722177500E-003  -10623.1210915906     
  2.369753388437200E-003  -10475.9554400033     
  2.402754309867765E-003  -10330.8115279881     
  2.436214798450161E-003  -10187.6615678384     
  2.470141254065297E-003  -10046.4781538619     
  2.504540165718111E-003  -9907.23425761491     
  2.539418112778697E-003  -9769.90322249155     
  2.574781766240725E-003  -9634.45875814306     
  2.610637889997383E-003  -9500.87493617120     
  2.646993342135074E-003  -9369.12618458693     
  2.683855076245152E-003  -9239.18728342320     
  2.721230142753907E-003  -9111.03335943650     
  2.759125690271082E-003  -8984.63988130582     
  2.797548966957157E-003  -8859.98265544912     
  2.836507321909695E-003  -8737.03782098293     
  2.876008206568960E-003  -8615.78184474518     
  2.916059176143153E-003  -8496.19151772959     
  2.956667891053461E-003  -8378.24395052833     
  2.997842118399233E-003  -8261.91656727420     
  3.039589733443589E-003  -8147.18710364883     
  3.081918721119675E-003  -8034.03360134835     
  3.124837177557935E-003  -7922.43440369175     
  3.168353311634613E-003  -7812.36815248827     
  3.212475446541856E-003  -7703.81378253207     
  3.257212021379655E-003  -7596.75051880231     
  3.302571592769962E-003  -7491.15787207349     
  3.348562836493300E-003  -7387.01563464434     
  3.395194549148133E-003  -7284.30387665421     
  3.442475649833386E-003  -7183.00294279112     
  3.490415181854356E-003  -7083.09344772000     
  3.539022314452397E-003  -6984.55627251244     
  3.588306344558705E-003  -6887.37256183442     
  3.638276698572492E-003  -6791.52371919512     
  3.688942934163964E-003  -6696.99140372144     
  3.740314742102368E-003  -6603.75752722255     
  3.792401948109532E-003  -6511.80425016667     
  3.845214514739186E-003  -6421.11397820798     
  3.898762543282467E-003  -6331.66935906194     
  3.953056275699978E-003  -6243.45327908587     
  4.008106096580709E-003  -6156.44886016632     
  4.063922535128293E-003  -6070.63945623072     
  4.120516267174862E-003  -5986.00864996373     
  4.177898117223013E-003  -5902.54025020631     
  4.236079060516150E-003  -5820.21828844736     
  4.295070225137691E-003  -5739.02701537896     
  4.354882894139510E-003  -5658.95089873467     
  4.415528507699992E-003  -5579.97462023045     
  4.477018665312181E-003  -5502.08307140983     
  4.539365128002368E-003  -5425.26135214148     
  4.602579820579574E-003  -5349.49476769304     
  4.666674833916393E-003  -5274.76882448373     
  4.731662427261551E-003  -5201.06922901786     
  4.797555030584716E-003  -5128.38188446717     
  4.864365246953916E-003  -5056.69288737274     
  4.932105854946108E-003  -4985.98852626789     
  5.000789811091288E-003  -4916.25527790578     
  5.070430252350630E-003  -4847.47980487856     
  5.141040498629184E-003  -4779.64895396992     
  5.212634055323494E-003  -4712.74975231893     
  5.285224615904765E-003  -4646.76940579389     
  5.358826064537941E-003  -4581.69529651491     
  5.433452478737311E-003  -4517.51497982167     
  5.509118132059058E-003  -4454.21618262314     
  5.585837496831303E-003  -4391.78680058205     
  5.663625246922213E-003  -4330.21489603986     
  5.742496260546588E-003  -4269.48869562282     
  5.822465623111603E-003  -4209.59658778997     
  5.903548630102129E-003  -4150.52712116748     
  5.985760790006243E-003  -4092.26900187644     
  6.069117827281514E-003  -4034.81109123623     
  6.153635685362534E-003  -3978.14240427085     
  6.239330529710410E-003  -3922.25210712965     
  6.326218750904633E-003  -3867.12951501585     
  6.414316967778098E-003  -3812.76409034033     
  6.503642030595705E-003  -3759.14544053644     
  6.594211024277256E-003  -3706.26331621283     
  6.686041271665259E-003  -3654.10760912413     
  6.779150336838173E-003  -3602.66835012336     
  6.873556028469873E-003  -3551.93570745722     
  6.969276403235840E-003  -3501.89998484325     
  7.066329769266785E-003  -3452.55161942456     
  7.164734689650435E-003  -3403.88118011665     
  7.264509985981974E-003  -3355.87936582134     
  7.365674741964053E-003  -3308.53700354909     
  7.468248307056810E-003  -3261.84504671554     
  7.572250300178829E-003  -3215.79457331593     
  7.677700613459561E-003  -3170.37678434779     
  7.784619416044021E-003  -3125.58300214434     
  7.893027157950511E-003  -3081.40466855372     
  8.002944573981980E-003  -3037.83334336382     
  8.114392687691957E-003  -2994.86070276656     
  8.227392815405609E-003  -2952.47853774105     
  8.341966570296892E-003  -2910.67875236592     
  8.458135866522406E-003  -2869.45336237473     
  8.575922923412835E-003  -2828.79449365384     
  8.695350269722815E-003  -2788.69438064029     
  8.816440747939875E-003  -2749.14536485583     
  8.939217518653500E-003  -2710.13989350426     
  9.063704064984961E-003  -2671.67051797936     
  9.189924197078835E-003  -2633.72989240363     
  9.317902056657152E-003  -2596.31077230212     
  9.447662121636835E-003  -2559.40601313234     
  9.579229210811580E-003  -2523.00856895535     
  9.712628488598808E-003  -2487.11149110625     
  9.847885469852829E-003  -2451.70792681658     
  9.985026024744978E-003  -2416.79111790310     
  1.012407638371168E-002  -2382.35439951140     
  1.026506314247152E-002  -2348.39119882130     
  1.040801326711208E-002  -2314.89503373205     
  1.055295409924768E-002  -2281.85951171594     
  1.069991336124891E-002  -2249.27832851217     
  1.084891916154498E-002  -2217.14526692533     
  1.099999999999999E-002  -2185.45419569364     
  1.115318477336395E-002  -2154.19906822483     
  1.130850278079977E-002  -2123.37392147874     
  1.146598372948727E-002  -2092.97287485058     
  1.162565774030511E-002  -2062.99012897016     
  1.178755535359198E-002  -2033.41996462617     
  1.195170753498789E-002  -2004.25674167396     
  1.211814568135693E-002  -1975.49489793635     
  1.228690162679238E-002  -1947.12894812690     
  1.245800764870560E-002  -1919.15348279539     
  1.263149647399954E-002  -1891.56316729665     
  1.280740128532837E-002  -1864.35274075218     
  1.298575572744422E-002  -1837.51701503408     
  1.316659391363223E-002  -1811.05087377088     
  1.334995043223542E-002  -1784.94927135545     
  1.353586035327014E-002  -1759.20723195679     
  1.372435923513394E-002  -1733.81984858019     
  1.391548313140663E-002  -1708.78228212306     
  1.410926859774612E-002  -1684.08976039734     
  1.430575269888039E-002  -1659.73757724529     
  1.450497301569663E-002  -1635.72109161456     
  1.470696765242934E-002  -1612.03572665632     
  1.491177524394828E-002  -1588.67696883637     
  1.511943496314814E-002  -1565.64036705484     
  1.532998652844095E-002  -1542.92153179899     
  1.554347021135292E-002  -1520.51613427565     
  1.575992684422706E-002  -1498.41990556671     
  1.597939782803300E-002  -1476.62863578975     
  1.620192514028571E-002  -1455.13817330965     
  1.642755134307428E-002  -1433.94442390260     
  1.665631959120278E-002  -1413.04334995594     
  1.688827364044425E-002  -1392.43096968681     
  1.712345785590968E-002  -1372.10335636481     
  1.736191722053376E-002  -1352.05663754301     
  1.760369734367840E-002  -1332.28699429312     
  1.784884446985649E-002  -1312.79066045856     
  1.809740548757681E-002  -1293.56392191854     
  1.834942793831226E-002  -1274.60311586565     
  1.860496002559305E-002  -1255.90463006223     
  1.886405062422630E-002  -1237.46490214306     
  1.912674928964434E-002  -1219.28041893174     
  1.939310626738281E-002  -1201.34771571971     
  1.966317250269118E-002  -1183.66337558421     
  1.993699965027675E-002  -1166.22402872928     
  2.021464008418445E-002  -1149.02635183139     
  2.049614690781443E-002  -1132.06706732174     
  2.078157396407878E-002  -1115.34294279367     
  2.107097584570003E-002  -1098.85079037642     
  2.136440790565283E-002  -1082.58746602967     
  2.166192626775123E-002  -1066.54986896548     
  2.196358783738326E-002  -1050.73494104684     
  2.226945031239496E-002  -1035.13966615779     
  2.257957219412625E-002  -1019.76106958571     
  2.289401279860008E-002  -1004.59621745151     
  2.321283226786780E-002  -989.642216139406     
  2.353609158151225E-002  -974.896211690841     
  2.386385256831108E-002  -960.355389226115     
  2.419617791806269E-002  -946.016972445569     
  2.453313119357653E-002  -931.878222991401     
  2.487477684283074E-002  -917.936439955076     
  2.522118021129872E-002  -904.188959339770     
  2.557240755444773E-002  -890.633153480056     
  2.592852605041127E-002  -877.266430598133     
  2.628960381283795E-002  -864.086234194100     
  2.665570990391958E-002  -851.090042584050     
  2.702691434760023E-002  -838.275368436267     
  2.740328814296968E-002  -825.639758198489     
  2.778490327784314E-002  -813.180791642796     
  2.817183274253002E-002  -800.896081401118     
  2.856415054379473E-002  -788.783272482598     
  2.896193171901155E-002  -776.840041787029     
  2.936525235051693E-002  -765.064097653140     
  2.977418958016140E-002  -753.453179448668     
  3.018882162406433E-002  -742.005057053938     
  3.060922778757409E-002  -730.717530465921     
  3.103548848043636E-002  -719.588429383600     
  3.146768523217413E-002  -708.615612734549     
  3.190590070768129E-002  -697.796968302168     
  3.235021872303394E-002  -687.130412296956     
  3.280072426152141E-002  -676.613888951384     
  3.325750348990091E-002  -666.245370136200     
  3.372064377487832E-002  -656.022854962526     
  3.419023369981844E-002  -645.944369412201     
  3.466636308168821E-002  -636.007965947442     
  3.514912298823555E-002  -626.211723156565     
  3.563860575540777E-002  -616.553745397175     
  3.613490500501229E-002  -607.032162428195     
  3.663811566262325E-002  -597.645129068634     
  3.714833397573794E-002  -588.390824873212     
  3.766565753218537E-002  -579.267453786544     
  3.819018527879194E-002  -570.273243803019     
  3.872201754030640E-002  -561.406446675505     
  3.926125603858883E-002  -552.665337589513     
  3.980800391206661E-002  -544.048214844934     
  4.036236573546126E-002  -535.553399564203     
  4.092444753979034E-002  -527.179235397457     
  4.149435683264740E-002  -518.924088224534     
  4.207220261876489E-002  -510.786345870567     
  4.265809542086286E-002  -502.764417825623     
  4.325214730078854E-002  -494.856734957406     
  4.385447188094999E-002  -487.061749248850     
  4.446518436604809E-002  -479.377933512085     
  4.508440156511170E-002  -471.803781128159     
  4.571224191383905E-002  -464.337805776247     
  4.634882549725083E-002  -456.978541154431     
  4.699427407265829E-002  -449.724540728489     
  4.764871109295134E-002  -442.574377453088     
  4.831226173021120E-002  -435.526643503883     
  4.898505289965140E-002  -428.579950003165     
  4.966721328389274E-002  -421.732926745620     
  5.035887335757565E-002  -414.984221922455     
  5.106016541231602E-002  -408.332501828049     
  5.177122358200801E-002  -401.776450580043     
  5.249218386847931E-002  -395.314769816247     
  5.322318416750407E-002  -388.946178392013     
  5.396436429517742E-002  -382.669412080992     
  5.471586601465799E-002  -376.483223247010     
  5.547783306328237E-002  -370.386380528527     
  5.625041118005709E-002  -364.377668512968     
  5.703374813353405E-002  -358.455887397650     
  5.782799375007332E-002  -352.619852663558     
  5.863329994250037E-002  -346.868394740016     
  5.944982073916150E-002  -341.200358669763     
  6.027771231338476E-002  -335.614603792999     
  6.111713301335055E-002  -330.110003436317     
  6.196824339237824E-002  -324.685444624765     
  6.283120623963498E-002  -319.339827822500     
  6.370618661127153E-002  -314.072066711021     
  6.459335186199242E-002  -308.881088016812     
  6.549287167706488E-002  -303.765831391493     
  6.640491810477447E-002  -298.725249378988     
  6.732966558933194E-002  -293.758307464679     
  6.826729100423851E-002  -288.863984220579     
  6.921797368611630E-002  -284.041271587506     
  7.018189546900901E-002  -279.289175278765     
  7.115924071916105E-002  -274.606715328446     
  7.215019637028069E-002  -269.992926818409     
  7.315495195929396E-002  -265.446860756676     
  7.417369966259721E-002  -260.967585124056     
  7.520663433281363E-002  -256.554186092217     
  7.625395353606255E-002  -252.205769382302     
  7.731585758974684E-002  -247.921461739072     
  7.839254960086726E-002  -243.700412489628     
  7.948423550487016E-002  -239.541795113867     
  8.059112410503563E-002  -235.444808764237     
  8.171342711241532E-002  -231.408679647791     
  8.285135918632505E-002  -227.432662155470     
  8.400513797540254E-002  -223.516039645729     
  8.517498415923619E-002  -219.658124756119     
  8.636112149057353E-002  -215.858259106440     
  8.756377683811815E-002  -212.115812343587     
  8.878318022992165E-002  -208.430180403342     
  9.001956489738094E-002  -204.800782930371     
  9.127316731984700E-002  -201.227059905055     
  9.254422726985614E-002  -197.708467462181     
  9.383298785899030E-002  -194.244473008952     
  9.513969558437591E-002  -190.834549802749     
  9.646460037583125E-002  -187.478171158330     
  9.780795564366904E-002  -184.174804515414     
  9.917001832716610E-002  -180.923905620979     
  0.100551048943707       -177.724913066941     
  0.101951311638611       -174.577243428562     
  0.103371074235658       -171.480287230974     
  0.104810608288311       -168.433405907338     
  0.106270189131655       -165.435929883964     
  0.107750095935062       -162.487157912617     
  0.109250611755585       -159.586357656700     
  0.110772023592099       -156.732767562155     
  0.112314622440192       -153.925599986066     
  0.113878703347824       -151.164045452041     
  0.115464565471762       -148.447277967255     
  0.117072512134795       -145.774461158357     
  0.118702850883751       -143.144754993462     
  0.120355893548322       -140.557322808567     
  0.122031956300706       -138.011338257122     
  0.123731359716077       -135.505991845425     
  0.125454428833906       -133.040496710301     
  0.127201493220127       -130.614093333900     
  0.128972887030170       -128.226053008423     
  0.130768949072880       -125.875679951485     
  0.132590022875314       -123.562312090642     
  0.134436456748449       -121.285320641666     
  0.136308603853800       -119.044108696317     
  0.138206822270973       -116.838109065159     
  0.140131475066148       -114.666781638458     
  0.142082930361527       -112.529610546126     
  0.144061561405737       -110.426101295168     
  0.146067746645228       -108.355778078008     
  0.148101869796649       -106.318181345313     
  0.150164319920247       -104.312865696287     
  0.152255491494277       -102.339398113372     
  0.154375784490456       -100.397356500612     
  0.156525604450461       -98.4863285014108     
  0.158705362563498       -96.6059105472303     
  0.160915475744946       -94.7557070617795     
  0.163156366716104       -92.9353297969606     
  0.165428464085040       -91.1443972542359     
  0.167732202428569       -89.3825341494559     
  0.170068022375374       -87.6493709102393     
  0.172436370690285       -85.9445431865316     
  0.174837700359730       -84.2676913763242     
  0.177272470678374       -82.6184601531404     
  0.179741147336968       -80.9964980062232     
  0.182244202511422       -79.4014567959060     
  0.184782114953113       -77.8329913296226     
  0.187355370080459       -76.2907589632030     
  0.189964460071759       -74.7744192312040     
  0.192609883959331       -73.2836335139496     
  0.195292147724965       -71.8180647401527     
  0.198011764396693       -70.3773771298851     
  0.200769254146920       -68.9612359782350     
  0.203565144391916       -67.5693074796171     
  0.206399969892686       -66.2012585889878     
  0.209274272857262       -64.8567569319068     
  0.212188603044403       -63.5354707463192     
  0.215143517868746       -62.2370688614187     
  0.218139582507422       -60.9612207229631     
  0.221177370008160       -59.7075964438758     
  0.224257461398881       -58.4758668980252     
  0.227380445798841       -57.2657038472187     
  0.230546920531304       -56.0767800968939     
  0.233757491237790       -54.9087696947143     
  0.237012771993916       -53.7613481551412     
  0.240313385426848       -52.6341927170358     
  0.243659962834388       -51.5269826369197     
  0.247053144305720       -50.4393995088145     
  0.250493578843840       -49.3711276142922     
  0.253981924489687       -48.3218543013021     
  0.257518848448005       -47.2912703836469     
  0.261105027214955       -46.2790705641300     
  0.264741146707511       -45.2849538700735     
  0.268427902394648       -44.3086240971466     
  0.272165999430365       -43.3497902543799     
  0.275956152788557       -42.4081669935148     
  0.279799087399766       -41.4834750186526     
  0.283695538289837       -40.5754414496105     
  0.287646250720499       -39.6838001260675     
  0.291651980331919       -38.8082918349767     
  0.295713493287218       -37.9486644240493     
  0.299831566419024       -37.1046727854106     
  0.304006987378047       -36.2760786804085     
  0.308240554783735       -35.4626503662029     
  0.312533078377020       -34.6641620080801     
  0.316885379175194       -33.8803928435409     
  0.321298289628949       -33.1111260761485     
  0.325772653781589       -32.3561474905501     
  0.330309327430471       -31.6152437797663     
  0.334909178290692       -30.8882006015853     
  0.339573086161053       -30.1748003930301     
  0.344301943092333       -29.4748200048598     
  0.349096653557912       -28.7880282478068     
  0.353958134626765       -28.1141834870053     
  0.358887316138868       -27.4530314796432     
  0.363885140883044       -26.8043037065230     
  0.368952564777287       -26.1677165462528     
  0.374090557051601       -25.5429717215956     
  0.379300100433378       -24.9297585492621     
  0.384582191335361       -24.3277586256365     
  0.389937840046226       -23.7366536095798     
  0.395368070923818       -23.1561367743934     
  0.400873922591073       -22.5859288172905     
  0.406456448134676       -22.0257980246721     
  0.412116715306479       -21.4755842347190     
  0.417855806727727       -20.9352249732169     
  0.423674820096126       -20.4047806943272     
  0.429574868395803       -19.8844544204683     
  0.435557080110172       -19.3745995085890     
  0.441622599437784       -18.8757084122783     
  0.447772586511173       -18.3883761408975     
  0.454008217618747       -17.9132353505757     
  0.460330685429774       -17.4508661203414     
  0.466741199222504       -17.0016917831739     
  0.473240985115461       -16.5658803770922     
  0.479831286301956       -16.1432757152385     
  0.486513363287874       -15.7333793146207     
  0.493288494132764       -15.3353930011167     
  0.500157974694289       -14.9483147861730     
  0.507123118876082       -14.5710643622237     
  0.514185258879050       -14.2026067010953     
  0.521345745456184       -13.8420462980099     
  0.528605948170908       -13.4886776562996     
  0.535967255659035       -13.1419928656443     
  0.543431075894365       -12.8016579925442     
  0.550998836457984       -12.4674735542637     
  0.558671984811313       -12.1393321982138     
  0.566451988572959       -11.8171818594169     
  0.574340335799424       -11.5009978528512     
  0.582338535269716       -11.1907640263522     
  0.590448116773933       -10.8864614615514     
  0.598670631405859       -10.5880627787932     
  0.607007651859638       -10.2955302196423     
  0.615460772730574       -10.0088160525409     
  0.624031610820132       -9.72786429981787     
  0.632721805445171       -9.45261306486343     
  0.641533018751494       -9.18299696602527     
  0.650466936031761       -8.91894938780059     
  0.659525266047831       -8.66040429010761     
  0.668709741357589       -8.40729755673417     
  0.678022118646328       -8.15956786017598     
  0.687464179062745       -7.91715699403480     
  0.697037728559615       -7.68000983434882     
  0.706744598239208       -7.44807401208231     
  0.716586644703523       -7.22129935861552     
  0.726565750409391       -6.99963722916255     
  0.736683824028526       -6.78303976736838     
  0.746942800812588       -6.57145923226063     
  0.757344642963345       -6.36484734225592     
  0.767891340007958       -6.16315468997990     
  0.778584909179528       -5.96633032467802     
  0.789427395802914       -5.77432136908388     
  0.800420873685948       -5.58707276558561     
  0.811567445516072       -5.40452713418091     
  0.822869243262520       -5.22662467715288     
  0.834328428584097       -5.05330315289926     
  0.845947193242620       -4.88449792793144     
  0.857727759522143       -4.72014209167901     
  0.869672380653994       -4.56016655334470     
  0.881783341247755       -4.40450023768397     
  0.894062957728224       -4.25307026481840     
  0.906513578778469       -4.10580216232929     
  0.919137585789062       -3.96262005693440     
  0.931937393313553       -3.82344689231838     
  0.944915449530291       -3.68820471475928     
  0.958074236710691       -3.55681483292982     
  0.971416271693998       -3.42919810528544     
  0.984944106368680       -3.30527517453250     
  0.998660328160520       -3.18496663195401     
   1.01256756052751       -3.06819329153110     
   1.02666846346161       -2.95487638701386     
   1.04096573399754       -2.84493777612472     
   1.05546210672864       -2.73830016582592     
   1.07016035432986       -2.63488722477039     
   1.08506328808814       -2.53462378094216     
   1.10017375844008       -2.43743596485313     
   1.11549465551714       -2.34325137525353     
   1.13102890969842       -2.25199915547000     
   1.14677949217117       -2.16360998614166     
   1.16274941549905       -2.07801627459600     
   1.17894173419835       -1.99515210314055     
   1.19535954532221       -1.91495320030132     
   1.21200598905299       -1.83735695263312     
   1.22888424930289       -1.76230228854998     
   1.24599755432289       -1.68972958228810     
   1.26334917732025       -1.61958050381374     
   1.28094243708455       -1.55179780621422     
   1.29878069862247       -1.48632516722181     
   1.31686737380137       -1.42310702420187     
   1.33520592200193       -1.36208818814718     
   1.35379985077976       -1.30321361859163     
   1.37265271653629       -1.24642830653865     
   1.39176812519902       -1.19167679025796     
   1.41114973291118       -1.13890288915192     
   1.43080124673105       -1.08804955581970     
   1.45072642534100       -1.03905856793171     
   1.47092907976636      -0.991870056603779     
   1.49141307410440      -0.946422188481630     
   1.51218232626337      -0.902651005004384     
   1.53324080871188      -0.860489731293685     
   1.55459254923869      -0.819868130158717     
   1.57624163172309      -0.780712068770674     
   1.59819219691603      -0.742942497436610     
   1.62044844323209      -0.706474507624637     
   1.64301462755250      -0.671216695374955     
   1.66589506603934      -0.637069589414605     
   1.68909413496110      -0.603925172316990     
   1.71261627152968      -0.571668223752498     
   1.73646597474911      -0.540176077301500     
   1.76064780627603      -0.509322381125558     
   1.78516639129223      -0.478984520601490     
   1.81002641938923      -0.449049713987194     
   1.83523264546532      -0.419432374755044     
   1.86078989063493      -0.390086857364548     
   1.88670304315082      -0.361024534533519     
   1.91297705933902      -0.332339665749139     
   1.93961696454677      -0.304208387285309     
   1.96662785410377      -0.276904076438839     
   1.99401489429669      -0.250785106901310     
   2.02178332335734      -0.226255136340369     
   2.04993845246457      -0.203742676354728     
   2.07848566676010      -0.183624532619426     
   2.10743042637855      -0.166167192813889     
   2.13677826749174      -0.151506978435727     
   2.16653480336762      -0.139585446318392     
   2.19670572544389      -0.130174565204138     
   2.22729680441657      -0.122906770379356     
   2.25831389134373      -0.117335476117376     
   2.28976291876466      -0.112970701010285     
   2.32164990183449      -0.109421559215245     
   2.35398093947476      -0.106183935079386     
   2.38676221553989      -0.103185419905095     
   2.42000000000000      -0.100463815780661     
   2.45370065014006      -9.803191620901353E-002
   2.48787061177595      -9.590294350605033E-002
   2.52251642048720      -9.409056180195630E-002
   2.55764470286712      -9.260889042072451E-002
   2.59326217779023      -9.147251764868747E-002
   2.62937565769733      -9.069651490315045E-002
   2.66599204989852      -9.029645131254860E-002
   2.70311835789432      -9.028840871986454E-002
   2.74076168271523      -9.028840871986454E-002
   2.77892922427990      -9.028840871986454E-002
   2.81762828277224      -9.028840871986454E-002
   2.85686626003772      -9.028840871986454E-002
   2.89665066099909      -9.028840871986454E-002
   2.93698909509179      -9.028840871986454E-002
   2.97788927771943      -9.028840871986454E-002
   3.01935903172947      -9.028840871986454E-002
   3.06140628890946      -9.028840871986454E-002
   3.10403909150415      -9.028840871986454E-002
   3.14726559375368      -9.028840871986454E-002
   3.19109406345326      -9.028840871986454E-002
   3.23553288353445      -9.028840871986454E-002
   3.28059055366862      -9.028840871986454E-002
   3.32627569189259      -9.028840871986454E-002
   3.37259703625701      -9.028840871986454E-002
   3.41956344649764      -9.028840871986454E-002
   3.46718390572995      -9.028840871986454E-002
   3.51546752216726      -9.028840871986454E-002
   3.56442353086285      -9.028840871986454E-002
   3.61406129547634      -9.028840871986454E-002
   3.66439031006461      -9.028840871986454E-002
   3.71542020089773      -9.028840871986454E-002
   3.76716072830013      -9.028840871986454E-002
   3.81962178851742      -9.028840871986454E-002
   3.87281341560925      -9.028840871986454E-002
   3.92674578336843      -9.028840871986454E-002
   3.98142920726689      -9.028840871986454E-002
   4.03687414642870      -9.028840871986454E-002
   4.09309120563047      -9.028840871986454E-002
   4.15009113732978      -9.028840871986454E-002
   4.20788484372175      -9.028840871986454E-002
   4.26648337882422      -9.028840871986454E-002
   4.32589795059206      -9.028840871986454E-002
   4.38613992306088      -9.028840871986454E-002
   4.44722081852058      -9.028840871986454E-002
   4.50915231971917      -9.028840871986454E-002
   4.57194627209733      -9.028840871986454E-002
   4.63561468605400      -9.028840871986454E-002
   4.70016973924362      -9.028840871986454E-002
   4.76562377890527      -9.028840871986454E-002
   4.83198932422431      -9.028840871986454E-002
   4.89927906872689      -9.028840871986454E-002
   4.96750588270777      -9.028840871986454E-002
   5.03668281569201      -9.028840871986454E-002
   5.10682309893091      -9.028840871986454E-002
   5.17794014793269      -9.028840871986454E-002
   5.25004756502844      -9.028840871986454E-002
   5.32315914197378      -9.028840871986454E-002
   5.39728886258683      -9.028840871986454E-002
   5.47245090542276      -9.028840871986454E-002
   5.54865964648571      -9.028840871986454E-002
   5.62592966197850      -9.028840871986454E-002
   5.70427573109048      -9.028840871986454E-002
   5.78371283882434      -9.028840871986454E-002
   5.86425617886230      -9.028840871986454E-002
   5.94592115647205      -9.028840871986454E-002
   6.02872339145333      -9.028840871986454E-002
   6.11267872112548      -9.028840871986454E-002
   6.19780320335660      -9.028840871986454E-002
   6.28411311963484      -9.028840871986454E-002
   6.37162497818253      -9.028840871986454E-002
   6.46035551711372      -9.028840871986454E-002
   6.55032170763551      -9.028840871986454E-002
   6.64154075729416      -9.028840871986454E-002
   6.73403011326629      -9.028840871986454E-002
   6.82780746569600      -9.028840871986454E-002
   6.92289075107831      -9.028840871986454E-002
   7.01929815568987      -9.028840871986454E-002
   7.11704811906746      -9.028840871986454E-002
   7.21615933753471      -9.028840871986454E-002
   7.31665076777820      -9.028840871986454E-002
   7.41854163047322      -9.028840871986454E-002
   7.52185141396005      -9.028840871986454E-002
   7.62659987797140      -9.028840871986454E-002
   7.73280705741181      -9.028840871986454E-002
   7.84049326618971      -9.028840871986454E-002
   7.94967910110270      -9.028840871986454E-002
   8.06038544577712      -9.028840871986454E-002
   8.17263347466234      -9.028840871986454E-002
   8.28644465708078      -9.028840871986454E-002
   8.40184076133422      -9.028840871986454E-002
   8.51884385886740      -9.028840871986454E-002
   8.63747632848954      -9.028840871986454E-002
   8.75776086065465      -9.028840871986454E-002
   8.87972046180148      -9.028840871986454E-002
   9.00337845875386      -9.028840871986454E-002
   9.12875850318242      -9.028840871986454E-002
   9.25588457612827      -9.028840871986454E-002
   9.38478099258982      -9.028840871986454E-002
   9.51547240617348      -9.028840871986454E-002
   9.64798381380899      -9.028840871986454E-002
   9.78234056053057      -9.028840871986454E-002
   9.91856834432456      -9.028840871986454E-002
   10.0566932210446      -9.028840871986454E-002
   10.1967416093952      -9.028840871986454E-002
   10.3387402959848      -9.028840871986454E-002
   10.4827164404493      -9.028840871986454E-002
   10.6286975806465      -9.028840871986454E-002
   10.7767116379233      -9.028840871986454E-002
   10.9267869224564      -9.028840871986454E-002
   11.0789521386666      -9.028840871986454E-002
   11.2332363907095      -9.028840871986454E-002
   11.3896691880417      -9.028840871986454E-002
   11.5482804510654      -9.028840871986454E-002
   11.7091005168509      -9.028840871986454E-002
   11.8721601449390      -9.028840871986454E-002
   12.0374905232248      -9.028840871986454E-002
   12.2051232739221      -9.028840871986454E-002
   12.3750904596126      -9.028840871986454E-002
   12.5474245893775      -9.028840871986454E-002
   12.7221586250161      -9.028840871986454E-002
   12.8993259873501      -9.028840871986454E-002
   13.0789605626155      -9.028840871986454E-002
   13.2610967089446      -9.028840871986454E-002
   13.4457692629371      -9.028840871986454E-002
   13.6330135463232      -9.028840871986454E-002
   13.8228653727197      -9.028840871986454E-002
   14.0153610544797      -9.028840871986454E-002
   14.2105374096383      -9.028840871986454E-002
   14.4084317689543      -9.028840871986454E-002
   14.6090819830504      -9.028840871986454E-002
   14.8125264296530      -9.028840871986454E-002
   15.0188040209325      -9.028840871986454E-002
   15.2279542109456      -9.028840871986454E-002
   15.4400170031820      -9.028840871986454E-002
   15.6550329582154      -9.028840871986454E-002
   15.8730432014617      -9.028840871986454E-002
   16.0940894310447      -9.028840871986454E-002
   16.3182139257714      -9.028840871986454E-002
   16.5454595532190      -9.028840871986454E-002
   16.7758697779337      -9.028840871986454E-002
  1.000000000000000E-005  -5199810.65035000     
  1.016020164756315E-005  -5117819.48784170     
  1.032296975191449E-005  -5037121.13078278     
  1.048834542811462E-005  -4957695.19210020     
  1.065637044989416E-005  -4879521.60564355     
  1.082708726020579E-005  -4802580.62106555     
  1.100053898194528E-005  -4726852.81499316     
  1.117676942884431E-005  -4652319.01516256     
  1.135582311653774E-005  -4578960.46156481     
  1.153774527380824E-005  -4506758.59551952     
  1.172258185401104E-005  -4435695.18986624     
  1.191037954668169E-005  -4365752.29037407     
  1.210118578932977E-005  -4296912.23100211     
  1.229504877942161E-005  -4229157.62255285     
  1.249201748655487E-005  -4162471.35058168     
  1.269214166482825E-005  -4096836.57032784     
  1.289547186540929E-005  -4032236.70269313     
  1.310205944930357E-005  -3968655.42999150     
  1.331195660032844E-005  -3906076.69183034     
  1.352521633829462E-005  -3844484.68106768     
  1.374189253239890E-005  -3783863.83980278     
  1.396203991483150E-005  -3724198.85545983     
  1.418571409460135E-005  -3665474.65691478     
  1.441297157158284E-005  -3607676.41068688     
  1.464386975078768E-005  -3550789.51719733     
  1.487846695686531E-005  -3494799.60707290     
  1.511682244883568E-005  -3439692.53751835     
  1.535899643505799E-005  -3385454.38875569     
  1.560505008843927E-005  -3332071.46049285     
  1.585504556188662E-005  -3279530.26846823     
  1.610904600400692E-005  -3227817.54104597     
  1.636711557505816E-005  -3176920.21586798     
  1.662931946315624E-005  -3126825.43654020     
  1.689572390074140E-005  -3077520.54940471     
  1.716639618130848E-005  -3028993.10032623     
  1.744140467640522E-005  -2981230.83155060     
  1.772081885290279E-005  -2934221.67861800     
  1.800470929054311E-005  -2887953.76730471     
  1.829314769976716E-005  -2842415.41062459     
  1.858620693982903E-005  -2797595.10588330     
  1.888396103720006E-005  -2753481.53176234     
  1.918648520426784E-005  -2710063.54547595     
  1.949385585833480E-005  -2667330.17993812     
  1.980615064092118E-005  -2625270.64100335     
  2.012344843737713E-005  -2583874.30473011     
  2.044582939680912E-005  -2543130.71471265     
  2.077337495232551E-005  -2503029.57942706     
  2.110616784160647E-005  -2463560.76963199     
  2.144429212780344E-005  -2424714.31581715     
  2.178783322077340E-005  -2386480.40567773     
  2.213687789865330E-005  -2348849.38163810     
  2.249151432978015E-005  -2311811.73841656     
  2.285183209496224E-005  -2275358.12061050     
  2.321792221010718E-005  -2239479.32035301     
  2.358987714921240E-005  -2204166.27497087     
  2.396779086772401E-005  -2169410.06469728     
  2.435175882626985E-005  -2135201.91042663     
  2.474187801477274E-005  -2101533.17148579     
  2.513824697695004E-005  -2068395.34346116     
  2.554096583520572E-005  -2035780.05604349     
  2.595013631592112E-005  -2003679.07091298     
  2.636586177515101E-005  -1972084.27965948     
  2.678824722473115E-005  -1940987.70173724     
  2.721739935880424E-005  -1910381.48244610     
  2.765342658077070E-005  -1880257.89094094     
  2.809643903067131E-005  -1850609.31828369     
  2.854654861300842E-005  -1821428.27552386     
  2.900386902501297E-005  -1792707.39180380     
  2.946851578536425E-005  -1764439.41248727     
  2.994060626336986E-005  -1736617.19733820     
  3.042025970861299E-005  -1709233.71871735     
  3.090759728107487E-005  -1682282.05979270     
  3.140274208173951E-005  -1655755.41279992     
  3.190581918368904E-005  -1629647.07732316     
  3.241695566369693E-005  -1603950.45860455     
  3.293628063432751E-005  -1578659.06586333     
  3.346392527654966E-005  -1553766.51067101     
  3.400002287287300E-005  -1529266.50532740     
  3.454470884101490E-005  -1505152.86127166     
  3.509812076810688E-005  -1481419.48752416     
  3.566039844544899E-005  -1458060.38913975     
  3.623168390382092E-005  -1435069.66569298     
  3.681212144935885E-005  -1412441.50979122     
  3.740185770000706E-005  -1390170.20559757     
  3.800104162255341E-005  -1368250.12740023     
  3.860982457025830E-005  -1346675.73817086     
  3.922836032108625E-005  -1325441.58817547     
  3.985680511655014E-005  -1304542.31360254     
  4.049531770117760E-005  -1283972.63518661     
  4.114405936260978E-005  -1263727.35689277     
  4.180319397234239E-005  -1243801.36459311     
  4.247288802711951E-005  -1224189.62477076     
  4.315331069099047E-005  -1204887.18325279     
  4.384463383804058E-005  -1185889.16395370     
  4.454703209580629E-005  -1167190.76763803     
  4.526068288938597E-005  -1148787.27071511     
  4.598576648625726E-005  -1130674.02403391     
  4.672246604181251E-005  -1112846.45171060     
  4.747096764562367E-005  -1095300.04997472     
  4.823146036844826E-005  -1078030.38601986     
  4.900413630998848E-005  -1061033.09688884     
  4.978919064741540E-005  -1044303.88836717     
  5.058682168467057E-005  -1027838.53389936     
  5.139723090255731E-005  -1011632.87350979     
  5.222062300963464E-005  -995682.812752099     
  5.305720599392639E-005  -979984.321687652     
  5.390719117545884E-005  -964533.433843995     
  5.477079325963985E-005  -949326.245218269     
  5.564823039149335E-005  -934358.913297057     
  5.653972421076243E-005  -919627.656066680     
  5.744549990789545E-005  -905128.751074784     
  5.836578628092881E-005  -890858.534471414     
  5.930081579328115E-005  -876813.400086330     
  6.025082463247339E-005  -862989.798524281     
  6.121605276978945E-005  -849384.236253148     
  6.219674402089275E-005  -835993.274727272     
  6.319314610741380E-005  -822813.529517402     
  6.420551071952444E-005  -809841.669448605     
  6.523409357951457E-005  -797074.415764220     
  6.627915450638725E-005  -784508.541284864     
  6.734095748148883E-005  -772140.869608859     
  6.841977071519027E-005  -759968.274295252     
  6.951586671463691E-005  -747987.678072088     
  7.062952235258341E-005  -736196.052071958     
  7.176101893733162E-005  -724590.415053316     
  7.291064228378870E-005  -713167.832647956     
  7.407868278566373E-005  -701925.416629614     
  7.526543548882087E-005  -690860.324178596     
  7.647120016580757E-005  -679969.757156366     
  7.769628139157693E-005  -669250.961411355     
  7.894098862042302E-005  -658701.226085828     
  8.020563626414858E-005  -648317.882924683     
  8.149054377148527E-005  -638098.305597455     
  8.279603570878616E-005  -628039.909052456     
  8.412244184201067E-005  -618140.148867879     
  8.547009722002319E-005  -608396.520589402     
  8.683934225922621E-005  -598806.559131616     
  8.823052282954902E-005  -589367.838122849     
  8.964399034181421E-005  -580077.969334264     
  9.108010183650357E-005  -570934.602070338     
  9.253922007394629E-005  -561935.422545132     
  9.402171362595179E-005  -553078.153366550     
  9.552795696891060E-005  -544360.552932414     
  9.705833057838672E-005  -535780.414838806     
  9.861322102522533E-005  -527335.567386018     
  1.001930210732003E-004  -519023.873034104     
  1.017981297782260E-004  -510843.227821982     
  1.034289525891578E-004  -502791.560886418     
  1.050859014502092E-004  -494866.833943370     
  1.067693949050074E-004  -487067.040760302     
  1.084798582023177E-004  -479390.206683446     
  1.102177234034605E-004  -471834.388148115     
  1.119834294914499E-004  -464397.672170066     
  1.137774224818801E-004  -457078.175902888     
  1.156001555355887E-004  -449874.046173663     
  1.174520890731244E-004  -442783.458997666     
  1.193336908910492E-004  -435804.619148847     
  1.212454362801030E-004  -428935.759731227     
  1.231878081452616E-004  -422175.141720796     
  1.251612971277179E-004  -415521.053527278     
  1.271664017288181E-004  -408971.810619096     
  1.292036284359815E-004  -402525.755075594     
  1.312734918506396E-004  -396181.255169732     
  1.333765148182236E-004  -389936.705007859     
  1.355132285602346E-004  -383790.524088447     
  1.376841728084297E-004  -377741.156947022     
  1.398898959411577E-004  -371787.072773124     
  1.421309551218788E-004  -365926.764998528     
  1.444079164399037E-004  -360158.750973630     
  1.467213550533871E-004  -354481.571569968     
  1.490718553346121E-004  -348893.790823599     
  1.514600110176021E-004  -343393.995603272     
  1.538864253480974E-004  -337980.795229987     
  1.563517112359343E-004  -332652.821142557     
  1.588564914098657E-004  -327408.726577351     
  1.614013985748619E-004  -322247.186207163     
  1.639870755719308E-004  -317166.895817262     
  1.666141755404994E-004  -312166.571988993     
  1.692833620833958E-004  -307244.951766004     
  1.719953094344747E-004  -302400.792345822     
  1.747507026289283E-004  -297632.870761860     
  1.775502376763256E-004  -292939.983574492     
  1.803946217364231E-004  -288320.946559841     
  1.832845732977937E-004  -283774.594426415     
  1.862208223593152E-004  -279299.780499268     
  1.892041106145680E-004  -274895.376427648     
  1.922351916391854E-004  -270560.271909381     
  1.953148310812069E-004  -266293.374388068     
  1.984438068544796E-004  -262093.608778328     
  2.016229093351588E-004  -257959.917186010     
  2.048529415613555E-004  -253891.258634294     
  2.081347194359841E-004  -249886.608781514     
  2.114690719328580E-004  -245944.959666079     
  2.148568413060874E-004  -242065.319432425     
  2.182988833028323E-004  -238246.712073883     
  2.217960673794632E-004  -234488.177172323     
  2.253492769211850E-004  -230788.769639317     
  2.289594094651788E-004  -227147.559474770     
  2.326273769273195E-004  -223563.631506487     
  2.363541058325245E-004  -220036.085166215     
  2.401405375487931E-004  -216564.034221141     
  2.439876285249948E-004  -213146.606550268     
  2.478963505324677E-004  -209782.943926554     
  2.518676909104870E-004  -206472.201758033     
  2.559026528156656E-004  -203213.548874615     
  2.600022554753506E-004  -200006.167307576     
  2.641675344450792E-004  -196849.252065117     
  2.683995418701588E-004  -193742.010917275     
  2.726993467514383E-004  -190683.664184193     
  2.770680352153357E-004  -187673.444519636     
  2.815067107881938E-004  -184710.596719923     
  2.860164946750290E-004  -181794.377508115     
  2.905985260427467E-004  -178924.055334512     
  2.952539623078937E-004  -176098.910203211     
  2.999839794290209E-004  -173318.233448703     
  3.047897722037288E-004  -170581.327564193     
  3.096725545704723E-004  -167887.506027172     
  3.146335599152002E-004  -165236.093090680     
  3.196740413829075E-004  -162626.423628902     
  3.247952721941786E-004  -160057.842957671     
  3.299985459668017E-004  -157529.706646888     
  3.352851770425341E-004  -155041.380372015     
  3.406565008191057E-004  -152592.239744320     
  3.461138740875374E-004  -150181.670135545     
  3.516586753748664E-004  -147809.066532743     
  3.572923052923591E-004  -145473.833386558     
  3.630161868893062E-004  -143175.384438707     
  3.688317660124822E-004  -140913.142584609     
  3.747405116713647E-004  -138686.539735601     
  3.807439164092057E-004  -136495.016654305     
  3.868434966800457E-004  -134338.022822397     
  3.930407932317691E-004  -132215.016308260     
  3.993373714952946E-004  -130125.463619205     
  4.057348219800030E-004  -128068.839575004     
  4.122347606754967E-004  -126044.627177260     
  4.188388294597983E-004  -124052.317472483     
  4.255486965140864E-004  -122091.409433163     
  4.323660567440769E-004  -120161.409835999     
  4.392926322081553E-004  -118261.833131504     
  4.463301725523653E-004  -116392.201326598     
  4.534804554523686E-004  -114552.043874593     
  4.607452870624842E-004  -112740.897551504     
  4.681265024719207E-004  -110958.306343734     
  4.756259661683184E-004  -109203.821340820     
  4.832455725087163E-004  -107477.000621901     
  4.909872461980656E-004  -105777.409149543     
  4.988529427754079E-004  -104104.618663503     
  5.068446491078426E-004  -102458.207577428     
  5.149643838924068E-004  -100837.760874739     
  5.232141981659973E-004  -99242.8700098577     
  5.315961758234597E-004  -97673.1328077560     
  5.401124341439786E-004  -96128.1533668777     
  5.487651243258992E-004  -94607.5419631031     
  5.575564320301199E-004  -93110.9149555924     
  5.664885779321857E-004  -91637.8946932878     
  5.755638182832294E-004  -90188.1094237860     
  5.847844454799007E-004  -88761.1932029988     
  5.941527886434192E-004  -87356.7858064027     
  6.036712142079104E-004  -85974.5326416625     
  6.133421265181659E-004  -84614.0846627676     
  6.231679684369757E-004  -83275.0982849151     
  6.331512219621937E-004  -81957.2353009665     
  6.432944088536903E-004  -80660.1627992719     
  6.536000912703423E-004  -79383.5530828273     
  6.640708724172358E-004  -78127.0835891332     
  6.747093972032300E-004  -76890.4368112329     
  6.855183529090592E-004  -75673.3002208648     
  6.965004698661402E-004  -74475.3661914532     
  7.076585221462466E-004  -73296.3319228998     
  7.189953282622395E-004  -72135.8993677399     
  7.305137518800215E-004  -70993.7751580038     
  7.422167025418928E-004  -69869.6705322028     
  7.541071364015028E-004  -68763.3012654469     
  7.661880569705680E-004  -67674.3875999777     
  7.784625158775570E-004  -66602.6541739166     
  7.909336136385310E-004  -65547.8299557939     
  8.036045004403280E-004  -64509.6481761172     
  8.164783769362978E-004  -63487.8462620258     
  8.295584950547860E-004  -62482.1657725015     
  8.428481588205639E-004  -61492.3523331015     
  8.563507251894263E-004  -60518.1555747340     
  8.700696048961509E-004  -59559.3290694084     
  8.840082633160486E-004  -58615.6302705562     
  8.981702213403159E-004  -57686.8204526770     
  9.125590562654038E-004  -56772.6646499164     
  9.271784026966422E-004  -55872.9316002516     
  9.420319534663396E-004  -54987.3936854743     
  9.571234605665830E-004  -54115.8268757083     
  9.724567360969941E-004  -53258.0106729132     
  9.880356532276566E-004  -52413.7280552847     
  1.003864147177476E-003  -51582.7654243790     
  1.019946216208217E-003  -50764.9125493004     
  1.036285922634453E-003  -49959.9625161681     
  1.052887393849707E-003  -49167.7116750052     
  1.069754823369026E-003  -48387.9595883753     
  1.086892471888261E-003  -47620.5089826228     
  1.104304668360308E-003  -46865.1656959799     
  1.121995811088609E-003  -46121.7386314406     
  1.139970368838143E-003  -45390.0397076432     
  1.158232881964247E-003  -44669.8838128799     
  1.176787963559496E-003  -43961.0887566530     
  1.195640300618967E-003  -43263.4752242136     
  1.214794655224173E-003  -42576.8667333373     
  1.234255865745955E-003  -41901.0895862291     
  1.254028848066653E-003  -41235.9728293519     
  1.274118596821853E-003  -40581.3482072026     
  1.294530186662023E-003  -39937.0501211014     
  1.315268773534372E-003  -39302.9155892137     
  1.336339595985230E-003  -38678.7842012513     
  1.357747976483299E-003  -38064.4980812356     
  1.379499322764116E-003  -37459.9018465674     
  1.401599129196022E-003  -36864.8425680662     
  1.424052978168049E-003  -36279.1697324433     
  1.446866541500022E-003  -35702.7352039637     
  1.470045581875251E-003  -35135.3931853340     
  1.493595954296186E-003  -34577.0001826470     
  1.517523607563377E-003  -34027.4149696175     
  1.541834585778139E-003  -33486.4985488005     
  1.566535029869290E-003  -32954.1141193679     
  1.591631179144335E-003  -32430.1270414289     
  1.617129372865514E-003  -31914.4048008657     
  1.643036051851096E-003  -31406.8169777608     
  1.669357760102316E-003  -30907.2352117845     
  1.696101146456387E-003  -30415.5331703129     
  1.723272966265994E-003  -29931.5865161018     
  1.750880083105677E-003  -29455.2728762677     
  1.778929470505581E-003  -28986.4718107093     
  1.807428213712945E-003  -28525.0647818748     
  1.836383511481838E-003  -28070.9351249040     
  1.865802677891557E-003  -27623.9680173434     
  1.895693144194154E-003  -27184.0504509268     
  1.926062460691560E-003  -26751.0712025403     
  1.956918298642793E-003  -26324.9208056250     
  1.988268452201697E-003  -25905.4915229953     
  2.020120840385752E-003  -25492.6773196232     
  2.052483509076397E-003  -25086.3738349936     
  2.085364633051420E-003  -24686.4783573946     
  2.118772518049896E-003  -24292.8897976852     
  2.152715602870208E-003  -23905.5086633767     
  2.187202461501677E-003  -23524.2370336737     
  2.222241805290352E-003  -23148.9785347768     
  2.257842485139473E-003  -22779.6383152135     
  2.294013493745216E-003  -22416.1230217512     
  2.330763967868224E-003  -22058.3407760175     
  2.368103190641554E-003  -21706.2011509407     
  2.406040593915588E-003  -21359.6151480198     
  2.444585760640498E-003  -21018.4951746335     
  2.483748427286899E-003  -20682.7550218983     
  2.523538486305274E-003  -20352.3098429128     
  2.563965988624785E-003  -20027.0761310650     
  2.605041146192142E-003  -19706.9716989658     
  2.646774334551120E-003  -19391.9156577074     
  2.689176095463414E-003  -19081.8283962201     
  2.732257139571482E-003  -18776.6315612030     
  2.776028349104036E-003  -18476.2480372198     
  2.820500780624882E-003  -18180.6019271653     
  2.865685667825807E-003  -17889.6185331085     
  2.911594424364188E-003  -17603.2243371919     
  2.958238646746069E-003  -17321.3469832336     
  3.005630117255440E-003  -17043.9152583180     
  3.053780806930412E-003  -16770.8590744860     
  3.102702878587110E-003  -16502.1094514747     
  3.152408689891970E-003  -16237.5984989130     
  3.202910796483276E-003  -15977.2593991496     
  3.254221955142719E-003  -15721.0263904099     
  3.306355127017724E-003  -15468.8347500749     
  3.359323480895432E-003  -15220.6207783750     
  3.413140396529135E-003  -14976.3217821719     
  3.467819468017964E-003  -14735.8760590577     
  3.523374507240769E-003  -14499.2228818465     
  3.579819547344967E-003  -14266.3024831175     
  3.637168846291308E-003  -14037.0560399771     
  3.695436890455432E-003  -13811.4256594055     
  3.754638398287093E-003  -13589.3543633595     
  3.814788324028037E-003  -13370.7860744661     
  3.875901861489433E-003  -13155.6656017744     
  3.937994447889799E-003  -12943.9386267328     
  4.001081767754449E-003  -12735.5516895868     
  4.065179756877364E-003  -12530.4521756568     
  4.130304606346572E-003  -12328.5883020845     
  4.196472766634013E-003  -12129.9091047788     
  4.263700951750879E-003  -11934.3644253250     
  4.332006143469583E-003  -11741.9048985029     
  4.401405595613335E-003  -11552.4819395938     
  4.471916838414428E-003  -11366.0477321894     
  4.543557682942363E-003  -11182.5552160585     
  4.616346225602922E-003  -11001.9580749961     
  4.690300852709271E-003  -10824.2107254323     
  4.765440245126359E-003  -10649.2683048855     
  4.841783382989659E-003  -10477.0866602002     
  4.919349550499538E-003  -10307.6223363719     
  4.998158340792446E-003  -10140.8325662436     
  5.078229660890092E-003  -9976.67525896610     
  5.159583736727954E-003  -9815.10898912467     
  5.242241118264340E-003  -9656.09298725078     
  5.326222684671260E-003  -9499.58712838213     
  5.411549649608517E-003  -9345.55192243475     
  5.498243566582225E-003  -9193.94850429895     
  5.586326334389218E-003  -9044.73862342386     
  5.675820202648675E-003  -8897.88463473216     
  5.766747777422330E-003  -8753.34948865463     
  5.859132026924745E-003  -8611.09672177524     
  5.952996287325083E-003  -8471.09044778347     
  6.048364268641759E-003  -8333.29534806088     
  6.145260060731609E-003  -8197.67666292263     
  6.243708139374933E-003  -8064.20018268033     
  6.343733372458060E-003  -7932.83223895973     
  6.445361026254973E-003  -7803.53969611916     
  6.548616771809511E-003  -7676.28994290036     
  6.653526691419863E-003  -7551.05088399796     
  6.760117285226950E-003  -7427.79093199036     
  6.868415477908294E-003  -7306.47899927030     
  6.978448625479210E-003  -7187.08449007975     
  7.090244522202869E-003  -7069.57729272737     
  7.203831407611114E-003  -6953.92777198018     
  7.319237973637762E-003  -6840.10676145120     
  7.436493371866118E-003  -6728.08555610863     
  7.555627220892653E-003  -6617.83590501075     
  7.676669613808653E-003  -6509.33000413681     
  7.799651125801666E-003  -6402.54048915390     
  7.924602821878781E-003  -6297.44042850257     
  8.051556264713640E-003  -6194.00331655743     
  8.180543522619087E-003  -6092.20306674977     
  8.311597177647652E-003  -5992.01400494487     
  8.444750333821692E-003  -5893.41086285167     
  8.580036625495457E-003  -5796.36877159346     
  8.717490225851112E-003  -5700.86325526714     
  8.857145855530815E-003  -5606.87022470048     
  8.999038791407125E-003  -5514.36597134343     
  9.143204875493938E-003  -5423.32716104059     
  9.289680524000088E-003  -5333.73082816519     
  9.438502736528102E-003  -5245.55436970473     
  9.589709105420214E-003  -5158.77553938923     
  9.743337825254174E-003  -5073.37244205483     
  9.899427702491184E-003  -4989.32352796472     
  1.005801816527832E-002  -4906.60758730687     
  1.021914927340808E-002  -4825.20374471889     
  1.038286172843746E-002  -4745.09145390395     
  1.054919688396906E-002  -4666.25049238292     
  1.071819675609705E-002  -4588.66095629358     
  1.088990403402033E-002  -4512.30325521418     
  1.106436209082579E-002  -4437.15810716484     
  1.124161499444435E-002  -4363.20653368493     
  1.142170751878241E-002  -4290.42985485449     
  1.160468515503174E-002  -4218.80968457012     
  1.179059412316051E-002  -4148.32792579321     
  1.197948138358837E-002  -4078.96676588124     
  1.217139464904867E-002  -4010.70867203501     
  1.236638239664056E-002  -3943.53638677857     
  1.256449388007433E-002  -3877.43292354541     
  1.276577914211283E-002  -3812.38156229923     
  1.297028902721221E-002  -3748.36584527752     
  1.317807519436517E-002  -3685.36957275038     
  1.338919013015001E-002  -3623.37679889355     
  1.360368716198864E-002  -3562.37182771121     
  1.382162047161706E-002  -3502.33920902594     
  1.404304510877162E-002  -3443.26373456046     
  1.426801700509450E-002  -3385.13043403330     
  1.449659298826202E-002  -3327.92457139020     
  1.472883079633922E-002  -3271.63164106188     
  1.496478909236445E-002  -3216.23736427717     
  1.520452747916764E-002  -3161.72768547304     
  1.544810651442583E-002  -3108.08876874316     
  1.569558772596002E-002  -3055.30699436882     
  1.594703362727710E-002  -3003.36895539254     
  1.620250773336056E-002  -2952.26145425784     
  1.646207457671447E-002  -2901.97149952345     
  1.672579972366418E-002  -2852.48630262224     
  1.699374979091840E-002  -2803.79327466872     
  1.726599246239651E-002  -2755.88002334680     
  1.754259650632540E-002  -2708.73434983249     
  1.782363179261028E-002  -2662.34424577201     
  1.810916931048379E-002  -2616.69789032107     
  1.839928118643773E-002  -2571.78364721521     
  1.869404070244223E-002  -2527.59006190604     
  1.899352231445662E-002  -2484.10585872417     
  1.929780167123695E-002  -2441.31993809221     
  1.960695563344486E-002  -2399.22137378193     
  1.992106229306241E-002  -2357.79941019523     
  2.024020099311807E-002  -2317.04345968776     
  2.056445234772876E-002  -2276.94309992099     
  2.089389826246277E-002  -2237.48807124658     
  2.122862195502909E-002  -2198.66827410517     
  2.156870797629819E-002  -2160.47376646029     
  2.191424223165932E-002  -2122.89476125807     
  2.226531200272030E-002  -2085.92162388475     
  2.262200596935464E-002  -2049.54486967597     
  2.298441423210203E-002  -2013.75516142192     
  2.335262833492770E-002  -1978.54330690430     
  2.372674128834623E-002  -1943.90025647238     
  2.410684759291599E-002  -1909.81710062805     
  2.449304326310988E-002  -1876.28506766823     
  2.488542585156844E-002  -1843.29552137778     
  2.528409447374163E-002  -1810.83995877842     
  2.568914983292521E-002  -1778.91000796761     
  2.610069424569832E-002  -1747.49742605916     
  2.651883166776861E-002  -1716.59409725102     
  2.694366772023126E-002  -1686.19203105582     
  2.737530971624875E-002  -1656.28336070943     
  2.781386668815821E-002  -1626.86034182403     
  2.825944941501267E-002  -1597.91535129842     
  2.871217045056393E-002  -1569.44088652500     
  2.917214415169337E-002  -1541.42956495811     
  2.963948670729845E-002  -1513.87412405209     
  3.011431616764195E-002  -1486.76742160059     
  3.059675247417137E-002  -1460.10243650343     
  3.108691748981577E-002  -1433.87226995191     
  3.158493502976856E-002  -1408.07014699536     
  3.209093089276300E-002  -1382.68941845565     
  3.260503289284856E-002  -1357.72356307466     
  3.312737089167704E-002  -1333.16618977303     
  3.365807683130530E-002  -1309.01103983966     
  3.419728476752349E-002  -1285.25198882136     
  3.474513090371781E-002  -1261.88304786351     
  3.530175362527515E-002  -1238.89836417338     
  3.586729353453887E-002  -1216.29222031433     
  3.644189348632527E-002  -1194.05903201088     
  3.702569862400833E-002  -1172.19334416981     
  3.761885641618258E-002  -1150.68982491155     
  3.822151669391396E-002  -1129.54325748720     
  3.883383168858674E-002  -1108.74853007306     
  3.945595607035689E-002  -1088.30062362880     
  4.008804698722190E-002  -1068.19459811423     
  4.073026410471606E-002  -1048.42557756115     
  4.138276964624189E-002  -1028.98873465136     
  4.204572843404728E-002  -1009.87927548061     
  4.271930793085997E-002  -991.092425303312     
  4.340367828218815E-002  -972.623416014242     
  4.409901235929887E-002  -954.467475982476     
  4.480548580288557E-002  -936.619822760349     
  4.552327706743459E-002  -919.075658988203     
  4.625256746630223E-002  -901.830171570036     
  4.699354121751494E-002  -884.878534042172     
  4.774638549030226E-002  -868.215911858390     
  4.851129045237540E-002  -851.837470196622     
  4.928844931796388E-002  -835.738383801860     
  5.007805839662099E-002  -819.913848366384     
  5.088031714281119E-002  -804.359092926809     
  5.169542820629255E-002  -789.069392736547     
  5.252359748330557E-002  -774.040082144833     
  5.336503416858256E-002  -759.266566972690     
  5.421995080818959E-002  -744.744335892054     
  5.508856335321605E-002  -730.468970386859     
  5.597109121432333E-002  -716.436152909830     
  5.686775731716748E-002  -702.641672960829     
  5.777878815871061E-002  -689.081430943835     
  5.870441386443344E-002  -675.751439813866     
  5.964486824646453E-002  -662.647824688803     
  6.060038886264155E-002  -649.766820686266     
  6.157121707651789E-002  -637.104769349858     
  6.255759811833050E-002  -624.658114062642     
  6.355978114694545E-002  -612.423394800592     
  6.457801931279492E-002  -600.397242557236     
  6.561256982182234E-002  -588.576373691979     
  6.666369400045311E-002  -576.957584366741     
  6.773165736160501E-002  -565.537745204782     
  6.881672967175616E-002  -554.313796226515     
  6.991918501908843E-002  -543.282742084945     
  7.103930188272145E-002  -532.441647622382     
  7.217736320305633E-002  -521.787633735631     
  7.333365645324563E-002  -511.317873545367     
  7.450847371180958E-002  -501.029588871085     
  7.570211173641442E-002  -490.920046998615     
  7.691487203883268E-002  -480.986557740706     
  7.814706096110563E-002  -471.226470790412     
  7.939898975292442E-002  -461.637173355597     
  8.067097465025116E-002  -452.216088076995     
  8.196333695520065E-002  -442.960671216075     
  8.327640311720041E-002  -433.868411098525     
  8.461050481545121E-002  -424.936826812659     
  8.596597904270967E-002  -416.163467136119     
  8.734316819041189E-002  -407.545909680347     
  8.874242013516077E-002  -399.081760238450     
  9.016408832660011E-002  -390.768652314155     
  9.160853187669513E-002  -382.604246817283     
  9.307611565044402E-002  -374.586231904046     
  9.456721035804189E-002  -366.712322947421     
  9.608219264852277E-002  -358.980262611547     
  9.762144520490020E-002  -351.387821013053     
  9.918535684083221E-002  -343.932795948529     
  0.100774322598836       -336.613013162807     
  0.102388743850076       -329.426326642106     
  0.104029028395746       -322.370618910600     
  0.105695590570085       -315.443801313235     
  0.107388851345034       -308.643814276469     
  0.109109238436573       -301.968627545760     
  0.110857186412763       -295.416240402794     
  0.112633136803517       -288.984681891224     
  0.114437538212130       -282.672011091386     
  0.116270846428595       -276.476317501626     
  0.118133524544737       -270.395721619592     
  0.120026043071188       -264.428375828909     
  0.121948880056237       -258.572465719108     
  0.123902521206586       -252.826211982641     
  0.125887460010038       -247.187873023124     
  0.127904197860153       -241.655748382471     
  0.129953244182897       -236.228183038159     
  0.132035116565325       -230.903572522665     
  0.134150340886321       -225.680368667421     
  0.136299451449435       -220.557085601386     
  0.138482991117851       -215.532305418211     
  0.140701511451506       -210.604682691011     
  0.142955572846421       -205.772946853862     
  0.145245744676255       -201.035901347502     
  0.147572605436122       -196.392418452863     
  0.149936742888727       -191.841428940182     
  0.152338754212830       -187.381906021724     
  0.154779246154091       -183.012843644163     
  0.157258835178338       -178.733229790842     
  0.159778147627281       -174.542016133552     
  0.162337819876729       -170.438086079542     
  0.164938498497335       -166.420223860523     
  0.167580840417921       -162.487087919199     
  0.170265513091418       -158.637192479769     
  0.172993194663461       -154.868901288513     
  0.175764574143691       -151.180437122510     
  0.178580351579797       -147.569909098675     
  0.181441238234345       -144.035356792351     
  0.184347956764449       -140.574806410697     
  0.187301241404306       -137.186330715474     
  0.190301838150665       -133.868102694445     
  0.193350504951268       -130.618434087437     
  0.196448011896305       -127.435793599706     
  0.199595141412934       -124.318804631995     
  0.202792688462929       -121.266226775530     
  0.206041460743481       -118.276927833982     
  0.209342278891224       -115.349853393506     
  0.212695976689523       -112.483999484243     
  0.216103401279095       -109.678391604510     
  0.219565413371986       -106.932071140174     
  0.223082887468993       -104.244088518095     
  0.226656712080561       -101.613501451962     
  0.230287789951217       -99.0393763032182     
  0.233977038287603       -96.5207907337701     
  0.237725388990164       -94.0568362470325     
  0.241533788888546       -91.6466197414696     
  0.245403199980758       -89.2892636998545     
  0.249334599676176       -86.9839050235405     
  0.253328981042439       -84.7296927787911     
  0.257387353056288       -82.5257852353951     
  0.261510740858441       -80.3713466006251     
  0.265700186012539       -78.2655438046008     
  0.269956746768244       -76.2075436048893     
  0.274281498328550       -74.1965101979199     
  0.278675533121382       -72.2316034409177     
  0.283139961075541       -70.3119777259685     
  0.287675909901067       -68.4367815049430     
  0.292284525374105       -66.6051574333697     
  0.296966971626320       -64.8162430879201     
  0.301724431438957       -63.0691721990863     
  0.306558106541614       -61.3630763423848     
  0.311469217915795       -59.6970870254722     
  0.316459006103327       -58.0703381019745     
  0.321528731519722       -56.4819684413058     
  0.326679674772557       -54.9311247656247     
  0.331913136984952       -53.4169645515230     
  0.337230440124236       -51.9386588696214     
  0.342632927335872       -50.4953950082271     
  0.348121963282731       -49.0863786976916     
  0.353698934489812       -47.7108357229334     
  0.359365249694472       -46.3680126926901     
  0.365122340202271       -45.0571767260700     
  0.370971660248523       -43.7776138483470     
  0.376914687365627       -42.5286259541814     
  0.382952922756300       -41.3095263390172     
  0.389087891672768       -40.1196340174302     
  0.395321143802053       -38.9582674098673     
  0.401654253657417       -37.8247383926079     
  0.408088820976083       -36.7183483430760     
  0.414626471123330       -35.6383884778420     
  0.421268855503056       -34.5841473132811     
  0.428017651974919       -33.5549286713334     
  0.434874565278168       -32.5500831738587     
  0.441841327462256       -31.5690548302582     
  0.448919698324350       -30.6114411142440     
  0.456111465853861       -29.6770596853993     
  0.463418446684084       -28.7660081341726     
  0.470842486551079       -27.8786962402149     
  0.478385460759900       -27.0158269373837     
  0.486049274658299       -26.1783041456036     
  0.493835864118012       -25.3670566761457     
  0.501747196023760       -24.5827860259750     
  0.509785268770079       -23.8256740750742     
  0.517952112766119       -23.0951214412779     
  0.526249790948513       -22.3896173655540     
  0.534680399302484       -21.7068399181191     
  0.543246067391283       -21.0440141105630     
  0.551948958894111       -20.3984278551832     
  0.560791272152671       -19.7679045595097     
  0.569775240726461       -19.1510507228649     
  0.578903133956967       -18.5472300537038     
  0.588177257540905       -17.9563527727277     
  0.597599954112628       -17.3786164045667     
  0.607173603835878       -16.8142955839029     
  0.616900625005014       -16.2636140080640     
  0.626783474655869       -15.7266879212746     
  0.636824649186391       -15.2035160929539     
  0.647026684987239       -14.6939942077389     
  0.657392159082467       -14.1979393115550     
  0.667923689780478       -13.7151162982193     
  0.678623937335407       -13.2452621787013     
  0.689495604619099       -12.7881058947156     
  0.700541437803852       -12.3433826642545     
  0.711764227056095       -11.9108427833742     
  0.723166807241185       -11.4902554984506     
  0.734752058639488       -11.0814090206108     
  0.746522907673933       -10.6841079504739     
  0.758482327649233       -10.2981692690238     
  0.770633339502928       -9.92341786450305     
  0.782979012568473       -9.55968227194393     
  0.795522465350556       -9.20679100294484     
  0.808266866312823       -8.86456967970893     
  0.821215434678224       -8.53283899215881     
  0.834371441242198       -8.21141341450374     
  0.847738209198863       -7.90010056520168     
  0.861319114980451       -7.59870109776159     
  0.875117589110201       -7.30700900263217     
  0.889137117068895       -7.02481219442335     
  0.903381240175295       -6.75189333180798     
  0.917853556480667       -6.48803075099316     
  0.932557721677656       -6.23299948212125     
  0.947497450023707       -5.98657230943268     
  0.962676515279274       -5.74852081749349     
  0.978098751661083       -5.51861641214972     
  0.993768054810640       -5.29663127563802     
   1.00968838277827       -5.08233924995739     
   1.02586375702291       -4.87551662562857     
   1.04229826342795       -4.67594282983508     
   1.05899605333329       -4.48340099368975     
   1.07596134458398       -4.29767838644374     
   1.09319842259564       -4.11856672717080     
   1.11071164143696       -3.94586239152490     
   1.12850542492954       -3.77936647547157     
   1.14658426776531       -3.61888476161207     
   1.16495273664191       -3.46422766006602     
   1.18361547141623       -3.31521005570661     
   1.20257718627644       -3.17165115524920     
   1.22184267093277       -3.03337444366470     
   1.24141679182741       -2.90020772811694     
   1.26130449336374       -2.77198329567213     
   1.28151079915531       -2.64853827528351     
   1.30204081329478       -2.52971523132033     
   1.32289972164320       -2.41536300389123     
   1.34409279314001       -2.30533763092034     
   1.36562538113389       -2.19950329230554     
   1.38750292473506       -2.09773336106716     
   1.40973095018919       -1.99991097965725     
   1.43231507227329       -1.90592907564379     
   1.45526099571406       -1.81568981925987     
   1.47857451662884       -1.72910295182692     
   1.50226152398973       -1.64608319827767     
   1.52632800111111       -1.56654682673966     
   1.55078002716109       -1.49040753492076     
   1.57562377869701       -1.41757242607628     
   1.60086553122571       -1.34793861881786     
   1.62651166078865       -1.28139077041872     
   1.65256864557255       -1.21780061254929     
   1.67904306754574       -1.15702854074979     
   1.70594161412077       -1.09892631677943     
   1.73327107984364       -1.04334144772734     
   1.76103836811009      -0.990122237724576     
   1.78925049290941      -0.939122231437372     
   1.81791458059614      -0.890204022805801     
   1.84703787169019      -0.843242106699339     
   1.87662772270582      -0.798124249737140     
   1.90669160800984      -0.754751605695993     
   1.93723712170964      -0.713038175143455     
   1.96827197957147      -0.672909479999740     
   1.99980402096945      -0.634301002719795     
   2.03184121086572      -0.597156652646114     
   2.06439164182246      -0.561426977407409     
   2.09746353604601      -0.527068449570056     
   2.13106524746383      -0.494041618478820     
   2.16520526383466      -0.462310807244065     
   2.19989220889253      -0.431843216340474     
   2.23513484452513      -0.402609694506682     
   2.27094207298700      -0.374577820740992     
   2.30732293914829      -0.347734721106126     
   2.34428663277948      -0.322023750238017     
   2.38184249087263      -0.297470597611985     
   2.42000000000000      -0.274159979525620     
   2.45876879871029      -0.252164635565644     
   2.49815867996331      -0.231560176996649     
   2.53817959360374      -0.212425187876674     
   2.57884164887439      -0.194841329572600     
   2.62015511696980      -0.178893448787310     
   2.66213043363076      -0.164669689214168     
   2.70477820178032      -0.152261606938258     
   2.74810919420214      -0.141764289707585     
   2.79213435626160      -0.133276480201551     
   2.83686480867067      -0.126900703428110     
   2.88231185029697      -0.122743398385318     
   2.92848696101781      -0.120915054127420     
   2.97540180462003      -0.120915054127420     
   3.02306823174628      -0.120915054127420     
   3.07149828288844      -0.120915054127420     
   3.12070419142905      -0.120915054127420     
   3.17069838673147      -0.120915054127420     
   3.22149349727949      -0.120915054127420     
   3.27310235386730      -0.120915054127420     
   3.32553799284054      -0.120915054127420     
   3.37881365938923      -0.120915054127420     
   3.43294281089353      -0.120915054127420     
   3.48793912032305      -0.120915054127420     
   3.54381647969062      -0.120915054127420     
   3.60058900356141      -0.120915054127420     
   3.65827103261823      -0.120915054127420     
   3.71687713728404      -0.120915054127420     
   3.77642212140231      -0.120915054127420     
   3.83692102597656      -0.120915054127420     
   3.89838913296968      -0.120915054127420     
   3.96084196916408      -0.120915054127420     
   4.02429531008381      -0.120915054127420     
   4.08876518397942      -0.120915054127420     
   4.15426787587666      -0.120915054127420     
   4.22081993169006      -0.120915054127420     
   4.28843816240248      -0.120915054127420     
   4.35713964831144      -0.120915054127420     
   4.42694174334365      -0.120915054127420     
   4.49786207943863      -0.120915054127420     
   4.56991857100242      -0.120915054127420     
   4.64312941943282      -0.120915054127420     
   4.71751311771702      -0.120915054127420     
   4.79308845510293      -0.120915054127420     
   4.86987452184527      -0.120915054127420     
   4.94789071402781      -0.120915054127420     
   5.02715673846278      -0.120915054127420     
   5.10769261766877      -0.120915054127420     
   5.18951869492843      -0.120915054127420     
   5.27265563942717      -0.120915054127420     
   5.35712445147410      -0.120915054127420     
   5.44294646780680      -0.120915054127420     
   5.53014336698087      -0.120915054127420     
   5.61873717484594      -0.120915054127420     
   5.70875027010940      -0.120915054127420     
   5.80020538998922      -0.120915054127420     
   5.89312563595731      -0.120915054127420     
   5.98753447957500      -0.120915054127420     
   6.08345576842192      -0.120915054127420     
   6.18091373211979      -0.120915054127420     
   6.27993298845291      -0.120915054127420     
   6.38053854958654      -0.120915054127420     
   6.48275582838494      -0.120915054127420     
   6.58661064483063      -0.120915054127420     
   6.69212923254651      -0.120915054127420     
   6.79933824542246      -0.120915054127420     
   6.90826476434804      -0.120915054127420     
   7.01893630405314      -0.120915054127420     
   7.13138082005816      -0.120915054127420     
   7.24562671573551      -0.120915054127420     
   7.36170284948435      -0.120915054127420     
   7.47963854202013      -0.120915054127420     
   7.59946358378097      -0.120915054127420     
   7.72120824245275      -0.120915054127420     
   7.84490327061467      -0.120915054127420     
   7.97057991350726      -0.120915054127420     
   8.09826991692502      -0.120915054127420     
   8.22800553523526      -0.120915054127420     
   8.35981953952561      -0.120915054127420     
   8.49374522588187      -0.120915054127420     
   8.62981642379865      -0.120915054127420     
   8.76806750472467      -0.120915054127420     
   8.90853339074485      -0.120915054127420     
   9.05124956340171      -0.120915054127420     
   9.19625207265794      -0.120915054127420     
   9.34357754600251      -0.120915054127420     
   9.49326319770287      -0.120915054127420     
   9.64534683820515      -0.120915054127420     
   9.79986688368499      -0.120915054127420     
   9.95686236575157      -0.120915054127420     
   10.1163729413069      -0.120915054127420     
   10.2784389025629      -0.120915054127420     
   10.4431011872197      -0.120915054127420     
   10.6104013888058      -0.120915054127420     
   10.7803817671851      -0.120915054127420     
   10.9530852592314      -0.120915054127420     
   11.1285554896743      -0.120915054127420     
   11.3068367821186      -0.120915054127420     
   11.4879741702409      -0.120915054127420     
   11.6720134091645      -0.120915054127420     
   11.8590009870172      -0.120915054127420     
   12.0489841366745      -0.120915054127420     
   12.2420108476903      -0.120915054127420     
   12.4381298784189      -0.120915054127420     
   12.6373907683316      -0.120915054127420     
   12.8398438505302      -0.120915054127420     
   13.0455402644611      -0.120915054127420     
   13.2545319688329      -0.120915054127420     
   13.4668717547414      -0.120915054127420     
   13.6826132590045      -0.120915054127420     
   13.9018109777107      -0.120915054127420     
   14.1245202799848      -0.120915054127420     
   14.3507974219740      -0.120915054127420     
   14.5806995610586      -0.120915054127420     
   14.8142847702891      -0.120915054127420     
   15.0516120530560      -0.120915054127420     
   15.2927413579942      -0.120915054127420     
   15.5377335941249      -0.120915054127420     
   15.7866506462425      -0.120915054127420     
   16.0395553905457      -0.120915054127420     
   16.2965117105203      -0.120915054127420     
   16.5575845130760      -0.120915054127420     
   16.8228397449422      -0.120915054127420     
   17.0923444093252      -0.120915054127420     
   17.3661665828343      -0.120915054127420     
   17.6443754326769      -0.120915054127420     
   17.9270412341306      -0.120915054127420     
   18.2142353882947      -0.120915054127420     
   18.5060304401255      -0.120915054127420     
   18.8025000967616      -0.120915054127420     
   19.1037192461424      -0.120915054127420     
   19.4097639759239      -0.120915054127420     
   19.7207115926995      -0.120915054127420     
   20.0366406415263      -0.120915054127420     
   20.3576309257666      -0.120915054127420     
   20.6837635272456      -0.120915054127420     
   21.0151208267328      -0.120915054127420     
   21.3517865247509      -0.120915054127420     
   21.6938456627191      -0.120915054127420     
   22.0413846444339      -0.120915054127420     
   22.3944912578950      -0.120915054127420     
