  5.000000000000000E-005  -500309.022663000     
  5.069840832140396E-005  -493425.909833716     
  5.140657212647603E-005  -486637.585256648     
  5.212462768143569E-005  -479942.713028525     
  5.285271315589163E-005  -473339.972059907     
  5.359096864942865E-005  -466828.056549818     
  5.433953621856584E-005  -460405.113475319     
  5.509855990409139E-005  -454075.008948323     
  5.586818575877921E-005  -447828.239281127     
  5.664856187549268E-005  -441669.628862620     
  5.743983841568088E-005  -435595.008620262     
  5.824216763827308E-005  -429604.415891154     
  5.905570392897656E-005  -423696.239555156     
  5.988060382998386E-005  -417869.497503057     
  6.071702607009494E-005  -412123.007132007     
  6.156513159526002E-005  -406455.675601473     
  6.242508359954921E-005  -400866.400534716     
  6.329704755655445E-005  -395354.102142615     
  6.418119125123043E-005  -389917.713595418     
  6.507768481218000E-005  -384556.182976505     
  6.598670074439059E-005  -379268.472762483     
  6.690841396242809E-005  -374053.559727913     
  6.784300182409408E-005  -368910.434781225     
  6.879064416455348E-005  -363838.102517679     
  6.975152333093874E-005  -358835.581419024     
  7.072582421743731E-005  -353901.903431885     
  7.171373430086954E-005  -349036.113826686     
  7.271544367676313E-005  -344237.271103786     
  7.373114509593176E-005  -339504.446738563     
  7.476103400156457E-005  -334836.725056547     
  7.580530856683370E-005  -330233.203079429     
  7.686416973302711E-005  -325692.990355665     
  7.793782124821415E-005  -321215.208740822     
  7.902646970645107E-005  -316798.992346122     
  8.013032458753432E-005  -312443.487298001     
  8.124959829730899E-005  -308147.851645492     
  8.238450620854037E-005  -303911.255131666     
  8.353526670235636E-005  -299732.879105643     
  8.470210121026883E-005  -295611.916411814     
  8.588523425678187E-005  -291547.571070376     
  8.708489350259515E-005  -287539.058394655     
  8.830130978841093E-005  -283585.604629349     
  8.953471717935281E-005  -279686.446848796     
  9.078535301000500E-005  -275840.832930563     
  9.205345793008065E-005  -272048.021311556     
  9.333927595072819E-005  -268307.280883398     
  9.464305449148434E-005  -264617.890807596     
  9.596504442788315E-005  -260979.140467923     
  9.730550013972981E-005  -257390.329291663     
  9.866467956004901E-005  -253850.766637331     
  1.000428442247169E-004  -250359.771573966     
  1.014402593227861E-004  -246916.672860563     
  1.028571937475143E-004  -243520.808821652     
  1.042939201481047E-004  -240171.527069070     
  1.057507149821702E-004  -236868.184590462     
  1.072278585689295E-004  -233610.147458670     
  1.087256351431468E-004  -230396.790706621     
  1.102443329098249E-004  -227227.498359079     
  1.117842440996619E-004  -224101.663103260     
  1.133456650252830E-004  -221018.686351189     
  1.149288961382574E-004  -217977.978023629     
  1.165342420869120E-004  -214978.956314023     
  1.181620117749520E-004  -212021.047826140     
  1.198125184209012E-004  -209103.687342695     
  1.214860796183716E-004  -206226.317515075     
  1.231830173971759E-004  -203388.389104230     
  1.249036582852926E-004  -200589.360594094     
  1.266483333716974E-004  -197828.698076212     
  1.284173783700721E-004  -195105.875390453     
  1.302111336834029E-004  -192420.373676645     
  1.320299444694815E-004  -189771.681544875     
  1.338741607073213E-004  -187159.294790072     
  1.357441372645005E-004  -184582.716304519     
  1.376402339654470E-004  -182041.456056846     
  1.395628156606761E-004  -179535.030884735     
  1.415122522969958E-004  -177062.964475882     
  1.434889189886925E-004  -174624.787195411     
  1.454931960897117E-004  -172220.036006837     
  1.475254692668460E-004  -169848.254334590     
  1.495861295739457E-004  -167508.992076658     
  1.516755735271667E-004  -165201.805362496     
  1.537942031812686E-004  -162926.256526467     
  1.559424262069783E-004  -160681.914029363     
  1.581206559694358E-004  -158468.352293317     
  1.603293116077339E-004  -156285.151711812     
  1.625688181155701E-004  -154131.898455071     
  1.648396064230244E-004  -152008.184419749     
  1.671421134794803E-004  -149913.607139748     
  1.694767823377025E-004  -147847.769735216     
  1.718440622390909E-004  -145810.280763662     
  1.742444087001237E-004  -143800.754171702     
  1.766782836000092E-004  -141818.809185068     
  1.791461552695615E-004  -139864.070242161     
  1.816484985813172E-004  -137936.166987080     
  1.841857950409117E-004  -136034.734029894     
  1.867585328797312E-004  -134159.411005307     
  1.893672071488592E-004  -132309.842465805     
  1.920123198143349E-004  -130485.677740452     
  1.946943798537431E-004  -128686.570987572     
  1.974139033541518E-004  -126912.181018066     
  2.001714136114193E-004  -125162.171237176     
  2.029674412308874E-004  -123436.209647094     
  2.058025242294818E-004  -121733.968703339     
  2.086772081392379E-004  -120055.125284616     
  2.115920461122737E-004  -118399.360634600     
  2.145475990272277E-004  -116766.360269526     
  2.175444355971848E-004  -115155.813951231     
  2.205831324791087E-004  -113567.415603038     
  2.236642743848039E-004  -112000.863256269     
  2.267884541934264E-004  -110455.859004863     
  2.299562730655669E-004  -108932.108926934     
  2.331683405589276E-004  -107429.323050032     
  2.364252747456137E-004  -105947.215282806     
  2.397277023310647E-004  -104485.503364119     
  2.430762587746460E-004  -103043.908819069     
  2.464715884119250E-004  -101622.156898605     
  2.499143445786558E-004  -100219.976532748     
  2.534051897364947E-004  -98837.1002752513     
  2.569447956004730E-004  -97473.2642696262     
  2.605338432682491E-004  -96128.2081858889     
  2.641730233511671E-004  -94801.6751766844     
  2.678630361071450E-004  -93493.4118420044     
  2.716045915754202E-004  -92203.1681728990     
  2.753984097131760E-004  -90930.6975094776     
  2.792452205340780E-004  -89675.7564977698     
  2.831457642487436E-004  -88438.1050474115     
  2.871007914071756E-004  -87217.5062885395     
  2.911110630431843E-004  -86013.7265327514     
  2.951773508208265E-004  -84826.5352253726     
  2.993004371828912E-004  -83655.7049102976     
  3.034811155014586E-004  -82501.0111903146     
  3.077201902305621E-004  -81362.2326841991     
  3.120184770609827E-004  -80239.1509913588     
  3.163768030772062E-004  -79131.5506511726     
  3.207960069165722E-004  -78039.2191072242     
  3.252769389306461E-004  -76961.9466675060     
  3.298204613488454E-004  -75899.5264713362     
  3.344274484443519E-004  -74851.7544502941     
  3.390987867023404E-004  -73818.4292908360     
  3.438353749905584E-004  -72799.3524045405     
  3.486381247322874E-004  -71794.3278890834     
  3.535079600817213E-004  -70803.1624921512     
  3.584458181017935E-004  -69825.6655824541     
  3.634526489444883E-004  -68861.6491128192     
  3.685294160336711E-004  -67910.9275867503     
  3.736770962504722E-004  -66973.3180251300     
  3.788966801212601E-004  -66048.6399366469     
  3.841891720082404E-004  -65136.7152833975     
  3.895555903027173E-004  -64237.3684510579     
  3.949969676210542E-004  -63350.4262124523     
  4.005143510033718E-004  -62475.7177015346     
  4.061088021150209E-004  -61613.0743818456     
  4.117813974508713E-004  -60762.3300146655     
  4.175332285424520E-004  -59923.3206357039     
  4.233654021679860E-004  -59095.8845068490     
  4.292790405653590E-004  -58279.8621108800     
  4.352752816480622E-004  -57475.0961106440     
  4.413552792241513E-004  -56681.4313117795     
  4.475202032182654E-004  -55898.7146553566     
  4.537712398967459E-004  -55126.7951702538     
  4.601095920958993E-004  -54365.5239592166     
  4.665364794534503E-004  -53614.7541588883     
  4.730531386432263E-004  -52874.3409202262     
  4.796608236131200E-004  -52144.1413953759     
  4.863608058263774E-004  -51424.0146753692     
  4.931543745062549E-004  -50713.8217951624     
  5.000428368840934E-004  -50013.4257087396     
  5.070275184508591E-004  -49322.6912367060     
  5.141097632121969E-004  -48641.4850621470     
  5.212909339470450E-004  -47969.6757090259     
  5.285724124698660E-004  -47307.1335018086     
  5.359555998965364E-004  -46653.7305485510     
  5.434419169139520E-004  -46009.3407210692     
  5.510328040534004E-004  -45373.8396306203     
  5.587297219677495E-004  -44747.1045930202     
  5.665341517125092E-004  -44129.0146152860     
  5.744475950308200E-004  -43519.4503804019     
  5.824715746424202E-004  -42918.2942038617     
  5.906076345366508E-004  -42325.4300296024     
  5.988573402695527E-004  -41740.7434028005     
  6.072222792651148E-004  -41164.1214404812     
  6.157040611207273E-004  -40595.4528225355     
  6.243043179169057E-004  -40034.6277610187     
  6.330247045313373E-004  -39481.5379840879     
  6.418668989573164E-004  -38936.0767134791     
  6.508326026266272E-004  -38398.1386426285     
  6.599235407369359E-004  -37867.6199219746     
  6.691414625837566E-004  -37344.4181327161     
  6.784881418970546E-004  -36828.4322700238     
  6.879653771825507E-004  -36319.5627255525     
  6.975749920677927E-004  -35817.7112629015     
  7.073188356530615E-004  -35322.7810060749     
  7.171987828671787E-004  -34834.6764154113     
  7.272167348282831E-004  -34353.3032673458     
  7.373746192096487E-004  -33878.5686468717     
  7.476743906106103E-004  -33410.3809164298     
  7.581180309326718E-004  -32948.6497054683     
  7.687075497608668E-004  -32493.2858948182     
  7.794449847504473E-004  -32044.2015924533     
  7.903324020189734E-004  -31601.3101238641     
  8.013718965438777E-004  -31164.5260101501     
  8.125655925655880E-004  -30733.7649544572     
  8.239156439962745E-004  -30308.9438236081     
  8.354242348343123E-004  -29889.9806333095     
  8.470935795845286E-004  -29476.7945353119     
  8.589259236843227E-004  -29069.3057926803     
  8.709235439357366E-004  -28667.4357743190     
  8.830887489435634E-004  -28271.1069358449     
  8.954238795595711E-004  -27880.2428010679     
  9.079313093329353E-004  -27494.7679544621     
  9.206134449669613E-004  -27114.6080206615     
  9.334727267821872E-004  -26739.6896516605     
  9.465116291859535E-004  -26369.9405147947     
  9.597326611485350E-004  -26005.2892746268     
  9.731383666859208E-004  -25645.6655824719     
  9.867313253493386E-004  -25291.0000630464     
  1.000514152721617E-003  -24941.2242959828     
  1.014489500920481E-003  -24596.2708113732     
  1.028660059108878E-003  -24256.0730681282     
  1.043028554012428E-003  -23920.5654435926     
  1.057597750444112E-003  -23589.6832262914     
  1.072370451836277E-003  -23263.3625943181     
  1.087349500780080E-003  -22941.5406091544     
  1.102537779572466E-003  -22624.1552027066     
  1.117938210770778E-003  -22311.1451638396     
  1.133553757755133E-003  -22002.4501261480     
  1.149387425298631E-003  -21698.0105585637     
  1.165442260145544E-003  -21397.7677520855     
  1.181721351597573E-003  -21101.6638060686     
  1.198227832108303E-003  -20809.6416249504     
  1.214964877885948E-003  -20521.6448995290     
  1.231935709504529E-003  -20237.6180938023     
  1.249143592523582E-003  -19957.5064448881     
  1.266591838116520E-003  -19681.2559467731     
  1.284283803707778E-003  -19408.8133337791     
  1.302222893618855E-003  -19140.1260794338     
  1.320412559723377E-003  -18875.1423849651     
  1.338856302111319E-003  -18613.8111613138     
  1.357557669762492E-003  -18356.0820282867     
  1.376520261229450E-003  -18101.9053034386     
  1.395747725329926E-003  -17851.2319872242     
  1.415243761848947E-003  -17604.0137556665     
  1.435012122250754E-003  -17360.2029563426     
  1.455056610400663E-003  -17119.7525933171     
  1.475381083297016E-003  -16882.6163157811     
  1.495989451813348E-003  -16648.7484179050     
  1.516885681450927E-003  -16418.1038241250     
  1.538073793101804E-003  -16190.6380782646     
  1.559557863822517E-003  -15966.3073402474     
  1.581342027618609E-003  -15745.0683753091     
  1.603430476240101E-003  -15526.8785445032     
  1.625827459988077E-003  -15311.6957989949     
  1.648537288532531E-003  -15099.4786688131     
  1.671564331741648E-003  -14890.1862568888     
  1.694913020522656E-003  -14683.7782321363     
  1.718587847674435E-003  -14480.2148185789     
  1.742593368752025E-003  -14279.4567894204     
  1.766934202943220E-003  -14081.4654598033     
  1.791615033957396E-003  -13886.2026794265     
  1.816640610926761E-003  -13693.6308235613     
  1.842015749320194E-003  -13503.7127865464     
  1.867745331869841E-003  -13316.4119756950     
  1.893834309510666E-003  -13131.6923035473     
  1.920287702333117E-003  -12949.5181799567     
  1.947110600549099E-003  -12769.8545057934     
  1.974308165471446E-003  -12592.6666674289     
  2.001885630507067E-003  -12417.9205276019     
  2.029848302163969E-003  -12245.5824213149     
  2.058201561072349E-003  -12075.6191474832     
  2.086950863019940E-003  -11907.9979626753     
  2.116101740001825E-003  -11742.6865769311     
  2.145659801284918E-003  -11579.6531444832     
  2.175630734487305E-003  -11418.8662589653     
  2.206020306672667E-003  -11260.2949481806     
  2.236834365459993E-003  -11103.9086668258     
  2.268078840148785E-003  -10949.6772911103     
  2.299759742859986E-003  -10797.5711129847     
  2.331883169692851E-003  -10647.5608339741     
  2.364455301897958E-003  -10499.6175601257     
  2.397482407066622E-003  -10353.7127964773     
  2.430970840336920E-003  -10209.8184405968     
  2.464927045616553E-003  -10067.9067776659     
  2.499357556822798E-003  -9927.95047598676     
  2.534268999139775E-003  -9789.92258044293     
  2.569668090293282E-003  -9653.79650781814     
  2.605561641843422E-003  -9519.54604177258     
  2.641956560495309E-003  -9387.14532742562     
  2.678859849428063E-003  -9256.56886679017     
  2.716278609642373E-003  -9127.79151356434     
  2.754220041326889E-003  -9000.78846839047     
  2.792691445243693E-003  -8875.53527395580     
  2.831700224133130E-003  -8752.00781033128     
  2.871253884138249E-003  -8630.18229035921     
  2.911360036249160E-003  -8510.03525497134     
  2.952026397767547E-003  -8391.54356884773     
  2.993260793791646E-003  -8274.68441583078     
  3.035071158721971E-003  -8159.43529401399     
  3.077465537788062E-003  -8045.77401263175     
  3.120452088596563E-003  -7933.67868666089     
  3.164039082700929E-003  -7823.12773251691     
  3.208234907193042E-003  -7714.09986543914     
  3.253048066317087E-003  -7606.57409330086     
  3.298487183105944E-003  -7500.52971375313     
  3.344561001040453E-003  -7395.94631060545     
  3.391278385731848E-003  -7292.80374844626     
  3.438648326627697E-003  -7191.08217008498     
  3.486679938741668E-003  -7090.76199230737     
  3.535382464407456E-003  -6991.82390186686     
  3.584765275057210E-003  -6894.24885188908     
  3.634837873024808E-003  -6798.01805828476     
  3.685609893374303E-003  -6703.11299626496     
  3.737091105753933E-003  -6609.51539637589     
  3.789291416275996E-003  -6517.20724121031     
  3.842220869423031E-003  -6426.17076195771     
  3.895889649980570E-003  -6336.38843482467     
  3.950308084996928E-003  -6247.84297786212     
  4.005486645770351E-003  -6160.51734758792     
  4.061435949863919E-003  -6074.39473560247     
  4.118166763148601E-003  -5989.45856498210     
  4.175690001874843E-003  -5905.69248805533     
  4.234016734773097E-003  -5823.08038285925     
  4.293158185183678E-003  -5741.60634871538     
  4.353125733216393E-003  -5661.25470534047     
  4.413930917940313E-003  -5582.00998884169     
  4.475585439604150E-003  -5503.85694782618     
  4.538101161887628E-003  -5426.78054202768     
  4.601490114184333E-003  -5350.76593861800     
  4.665764493916418E-003  -5275.79850906336     
  4.730936668881665E-003  -5201.86382695066     
  4.797019179633305E-003  -5128.94766495821     
  4.864024741893110E-003  -5057.03599203866     
  4.931966248998166E-003  -4986.11497056681     
  5.000856774381840E-003  -4916.17095405896     
  5.070709574089392E-003  -4847.19048432859     
  5.141538089328726E-003  -4779.16028888218     
  5.213355949056776E-003  -4712.06727845133     
  5.286176972602022E-003  -4645.89854423494     
  5.360015172323605E-003  -4580.64135577836     
  5.434884756307649E-003  -4516.28315827265     
  5.510800131101183E-003  -4452.81157021959     
  5.587775904484283E-003  -4390.21438094324     
  5.665826888280929E-003  -4328.47954835432     
  5.744968101209121E-003  -4267.59519664347     
  5.825214771770815E-003  -4207.54961393195     
  5.906582341182214E-003  -4148.33124999165     
  5.989086466344998E-003  -4089.92871399195     
  6.072743022859061E-003  -4032.33077255858     
  6.157568108077311E-003  -3975.52634726743     
  6.243578044203172E-003  -3919.50451269456     
  6.330789381431300E-003  -3864.25449436356     
  6.419218901132249E-003  -3809.76566639929     
  6.508883619081533E-003  -3756.02754993256     
  6.599800788733861E-003  -3703.02981066472     
  6.691987904543061E-003  -3650.76225698336     
  6.785462705328409E-003  -3599.21483821463     
  6.880243177687959E-003  -3548.37764240755     
  6.976347559459559E-003  -3498.24089456569     
  7.073794343230214E-003  -3448.79495471516     
  7.172602279894456E-003  -3400.03031616704     
  7.272790382262440E-003  -3351.93760353182     
  7.374377928718420E-003  -3304.50757091317     
  7.477384466930311E-003  -3257.73110029144     
  7.581829817611125E-003  -3211.59919960154     
  7.687734078332888E-003  -3166.10300114117     
  7.795117627393856E-003  -3121.23375970587     
  7.904001127739745E-003  -3076.98285094625     
  8.014405530939737E-003  -3033.34176991284     
  8.126352081218020E-003  -2990.30212911692     
  8.239862319541639E-003  -2947.85565706105     
  8.354958087765452E-003  -2905.99419665773     
  8.471661532834983E-003  -2864.70970363043     
  8.589995111047976E-003  -2823.99424499096     
  8.709981592375486E-003  -2783.83999741864     
  8.831644064843290E-003  -2744.23924587534     
  8.955005938974577E-003  -2705.18438204341     
  9.080090952294608E-003  -2666.66790289651     
  9.206923173898353E-003  -2628.68240920408     
  9.335527009081902E-003  -2591.22060414123     
  9.465927204038585E-003  -2554.27529191798     
  9.598148850620675E-003  -2517.83937629101     
  9.732217391167619E-003  -2481.90585928918     
  9.868158623401692E-003  -2446.46783982409     
  1.000599870539205E-002  -2411.51851235069     
  1.014576416058811E-002  -2377.05116557598     
  1.028748188292325E-002  -2343.05918114343     
  1.043117914198977E-002  -2309.53603237127     
  1.057688358828619E-002  -2276.47528299321     
  1.072462325853778E-002  -2243.87058588537     
  1.087442658109149E-002  -2211.71568187837     
  1.102632238138610E-002  -2180.00439853758     
  1.118033988749895E-002  -2148.73064894578     
  1.133650873577002E-002  -2117.88843053974     
  1.149485897650463E-002  -2087.47182398766     
  1.165542107975574E-002  -2057.47499199424     
  1.181822594118711E-002  -2027.89217814046     
  1.198330488801825E-002  -1998.71770589206     
  1.215068968505250E-002  -1969.94597737573     
  1.232041254078927E-002  -1941.57147232893     
  1.249250611362160E-002  -1913.58874709566     
  1.266700351812046E-002  -1885.99243346226     
  1.284393833140663E-002  -1858.77723769446     
  1.302334459961170E-002  -1831.93793950874     
  1.320525684442930E-002  -1805.46939097195     
  1.338971006975782E-002  -1779.36651563068     
  1.357673976843592E-002  -1753.62430743768     
  1.376638192907215E-002  -1728.23782976385     
  1.395867304296993E-002  -1703.20221453275     
  1.415365011114927E-002  -1678.51266116122     
  1.435135065146660E-002  -1654.16443570027     
  1.455181270583402E-002  -1630.15286988024     
  1.475507484753934E-002  -1606.47336020515     
  1.496117618866853E-002  -1583.12136705730     
  1.517015638763166E-002  -1560.09241380371     
  1.538205565679409E-002  -1537.38208592718     
  1.559691477021416E-002  -1514.98603015740     
  1.581477507148907E-002  -1492.89995363791     
  1.603567848171026E-002  -1471.11962303631     
  1.625966750752996E-002  -1449.64086376301     
  1.648678524934036E-002  -1428.45955914342     
  1.671707540956715E-002  -1407.57164959180     
  1.695058230107872E-002  -1386.97313180821     
  1.718735085571306E-002  -1366.66005802210     
  1.742742663292344E-002  -1346.62853519345     
  1.767085582854525E-002  -1326.87472423401     
  1.791768528368496E-002  -1307.39483928095     
  1.816796249373341E-002  -1288.18514692237     
  1.842173561750497E-002  -1269.24196546589     
  1.867905348650436E-002  -1250.56166422041     
  1.893996561432284E-002  -1232.14066276880     
  1.920452220616579E-002  -1213.97543024605     
  1.947277416851325E-002  -1196.06248466719     
  1.974477311891544E-002  -1178.39839220867     
  2.002057139592510E-002  -1160.97976654132     
  2.030022206916864E-002  -1143.80326815291     
  2.058377894955775E-002  -1126.86560365818     
  2.087129659964396E-002  -1110.16352521363     
  2.116283034411759E-002  -1093.69382977564     
  2.145843628045341E-002  -1077.45335851572     
  2.175817128970512E-002  -1061.43899620702     
  2.206209304745036E-002  -1045.64767053532     
  2.237026003488891E-002  -1030.07635154986     
  2.268273155009565E-002  -1014.72205101541     
  2.299956771943082E-002  -999.581821833212     
  2.332082950910970E-002  -984.652757444375     
  2.364657873693380E-002  -969.931991236928     
  2.397687808418598E-002  -955.416695985704     
  2.431179110769165E-002  -941.104083282303     
  2.465138225204857E-002  -926.991402970152     
  2.499571686202738E-002  -913.075942575061     
  2.534486119514532E-002  -899.355026804253     
  2.569888243441566E-002  -885.826016975887     
  2.605784870127521E-002  -872.486310482814     
  2.642182906869233E-002  -859.333340295079     
  2.679089357445807E-002  -846.364574427737     
  2.716511323466306E-002  -833.577515454110     
  2.754456005736244E-002  -820.969699972052     
  2.792930705643189E-002  -808.538698130520     
  2.831942826561705E-002  -796.282113163758     
  2.871499875277926E-002  -784.197580866010     
  2.911609463434016E-002  -772.282769160761     
  2.952279308992832E-002  -760.535377626241     
  2.993517237723017E-002  -748.953137024644     
  3.035331184704855E-002  -737.533808872549     
  3.077729195857151E-002  -726.275184988286     
  3.120719429485441E-002  -715.175087061896     
  3.164310157851833E-002  -704.231366224323     
  3.208509768766768E-002  -693.441902628888     
  3.253326767203019E-002  -682.804605038427     
  3.298769776932235E-002  -672.317410423080     
  3.344847542184341E-002  -661.978283556838     
  3.391568929330126E-002  -651.785216629406     
  3.438942928587310E-002  -641.736228861197     
  3.486978655750483E-002  -631.829366129092     
  3.535685353945164E-002  -622.062700595617     
  3.585072395406392E-002  -612.434330338847     
  3.635149283282139E-002  -602.942379016292     
  3.685925653461936E-002  -593.584995498633     
  3.737411276431018E-002  -584.360353528197     
  3.789616059150386E-002  -575.266651396146     
  3.842550046963119E-002  -566.302111608876     
  3.896223425527322E-002  -557.464980557432     
  3.950646522776067E-002  -548.753528211788     
  4.005829810904718E-002  -540.166047812401     
  4.061783908385995E-002  -531.700855550848     
  4.118519582013223E-002  -523.356290289839     
  4.176047748972086E-002  -515.130713258370     
  4.234379478941332E-002  -507.022507760161     
  4.293525996222827E-002  -499.030078898887     
  4.353498681901351E-002  -491.151853287147     
  4.414309076034571E-002  -483.386278774420     
  4.475968879873601E-002  -475.731824164991     
  4.538489958114578E-002  -468.186978950314     
  4.601884341181686E-002  -460.750253035051     
  4.666164227542083E-002  -453.420176462364     
  4.731341986053143E-002  -446.195299142721     
  4.797430158342490E-002  -439.074190580561     
  4.864441461221303E-002  -432.055439601966     
  4.932388789131290E-002  -425.137654071228     
  5.001285216625867E-002  -418.319460611860     
  5.071144000885987E-002  -411.599504320687     
  5.141978584271117E-002  -404.976448475462     
  5.213802596905834E-002  -398.448974236744     
  5.286629859302563E-002  -392.015780347994     
  5.360474385020954E-002  -385.675582821467     
  5.435350383364380E-002  -379.427114619971     
  5.511272262114136E-002  -373.269125338195     
  5.588254630301807E-002  -367.200380869487     
  5.666312301020345E-002  -361.219663069830     
  5.745460294274468E-002  -355.325769422065     
  5.825713839870813E-002  -349.517512696977     
  5.907088380348490E-002  -343.793720614130     
  5.989599573950569E-002  -338.153235510300     
  6.073263297637061E-002  -332.594914022154     
  6.158095650139999E-002  -327.117626783323     
  6.244112955061184E-002  -321.720258141105     
  6.331331764013202E-002  -316.401705921854     
  6.419768859804320E-002  -311.160881222659     
  6.509441259667867E-002  -305.996708268957     
  6.600366218536710E-002  -300.908124345609     
  6.692561232363506E-002  -295.894079795465     
  6.786044041487269E-002  -290.953538132104     
  6.880832634047036E-002  -286.085476263968     
  6.976945249443162E-002  -281.288884840845     
  7.074400381846979E-002  -276.562768753865     
  7.173216783759483E-002  -271.906147796885     
  7.273413469619724E-002  -267.318057480741     
  7.375009719463603E-002  -262.797550035699     
  7.478025082633770E-002  -258.343695576183     
  7.582479381541347E-002  -253.955583413082     
  7.688392715480193E-002  -249.632323519927     
  7.795785464494449E-002  -245.373048078427     
  7.904678293300114E-002  -241.176913074484     
  8.015092155261352E-002  -237.043099877003     
  8.127048296422434E-002  -232.970816703460     
  8.240568259595897E-002  -228.959299882800     
  8.355673888507877E-002  -225.007814803761     
  8.472387332001309E-002  -221.115656426437     
  8.590731048297849E-002  -217.282149236222     
  8.710727809319339E-002  -213.506646550046     
  8.832400705069607E-002  -209.788529042331     
  8.955773148077500E-002  -206.127202465237     
  9.080868877901967E-002  -202.522094531983     
  9.207711965700065E-002  -198.972650945995     
  9.336326818858785E-002  -195.478330711819     
  9.466738185691541E-002  -192.038600808120     
  9.598971160200330E-002  -188.652930410274     
  9.733051186904337E-002  -185.320784902724     
  9.869004065736028E-002  -182.041619897540     
  0.100068559570056       -178.814875526742     
  0.101466333864349       -175.639971280334     
  0.102883632502613       -172.516301590481     
  0.104320728204135       -169.443232373299     
  0.105777897497589       -166.420098695394     
  0.107255420774247       -163.446203646000     
  0.108753582341936       -160.520818512647     
  0.110272670479738       -157.643184249213     
  0.111812977493467       -154.812514223685     
  0.113374799771915       -152.027998198280     
  0.114958437843879       -149.288807382561     
  0.116564196435995       -146.594100420988     
  0.118192384531368       -143.943030065950     
  0.119843315429033       -141.334750236821     
  0.121517306804239       -138.768423150749     
  0.123214680769572       -136.243226118560     
  0.124935763936944       -133.758357673742     
  0.126680887480435       -131.313042720269     
  0.128450387200018       -128.906536439367     
  0.130244603586180       -126.538126844657     
  0.132063881885430       -124.207135967617     
  0.133908572166744       -121.912919767950     
  0.135779029388916       -119.654866963766     
  0.137675613468863       -117.432397026228     
  0.139598689350884       -115.244957614375     
  0.141548627076879       -113.092021724913     
  0.143525801857555       -110.973084773131     
  0.145530594144625       -108.887661800873     
  0.147563389704014       -106.835284933151     
  0.149624579690091       -104.815501146825     
  0.151714560720934       -102.827870387311     
  0.153833734954647       -100.871964010104     
  0.155982510166746       -98.9473635132933     
  0.158161299828625       -97.0536595103391     
  0.160370523187112       -95.1904508935142     
  0.162610605345148       -93.3573441332310     
  0.164881977343580       -91.5539526650564     
  0.167185076244106       -89.7798963431654     
  0.169520345213374       -88.0348009224535     
  0.171888233608260       -86.3182975602293     
  0.174289197062329       -84.6300223314479     
  0.176723697573512       -82.9696157460194     
  0.179192203593004       -81.3367222821743     
  0.181695190115405       -79.7309899306010     
  0.184233138770119       -78.1520697567375     
  0.186806537914027       -76.5996154935996     
  0.189415882725463       -75.0732831564625     
  0.192061675299494       -73.5727306989039     
  0.194744424744533       -72.0976177044275     
  0.197464647280305       -70.6476051132186     
  0.200222866337179       -69.2223549986278     
  0.203019612656883       -67.8215303772680     
  0.205855424394639       -66.4447950638323     
  0.208730847222706       -65.0918135697435     
  0.211646434435387       -63.7622510355112     
  0.214602747055490       -62.4557732062225     
  0.217600353942284       -61.1720464469953     
  0.220639831900958       -59.9107377911875     
  0.223721765793614       -58.6715150254489     
  0.226846748651803       -57.4540468153252     
  0.230015381790640       -56.2580028589269     
  0.233228274924510       -55.0830540781911     
  0.236486046284389       -53.9288728452427     
  0.239789322736808       -52.7951332373137     
  0.243138739904472       -51.6815113282936     
  0.246534942288571       -50.5876855091878     
  0.249978583392795       -49.5133368373459     
  0.253470325849081       -48.4581494159134     
  0.257010841545120       -47.4218107968232     
  0.260600811753643       -46.4040124020871     
  0.264240927263510       -45.4044499645033     
  0.267931888512637       -44.4228239753315     
  0.271674405722771       -43.4588401297657     
  0.275469199036156       -42.5122097652120     
  0.279316998654103       -41.5826502730982     
  0.283218544977495       -40.6698854687474     
  0.287174588749259       -39.7736459048363     
  0.291185891198824       -38.8936691011139     
  0.295253224188597       -38.0296996683860     
  0.299377370362491       -37.1814893001333     
  0.303559123296515       -36.3487966002987     
  0.307799287651482       -35.5313867206000     
  0.312098679327842       -34.7290307742199     
  0.316458125622677       -33.9415050039098     
  0.320878465388892       -33.1685896778426     
  0.325360549196631       -32.4100676996558     
  0.329905239496941       -31.6657229324540     
  0.334513410787729       -30.9353382441569     
  0.339185949782037       -30.2186933101344     
  0.343923755578658       -29.5155622329303     
  0.348727739835151       -28.8257110720584     
  0.353598826943256       -28.1488954261217     
  0.358537954206773       -27.4848582612034     
  0.363546072021916       -26.8333282501727     
  0.368624144060192       -26.1940189742789     
  0.373773147453833       -25.5666294267710     
  0.378994072983815       -24.9508463698292     
  0.384287925270509       -24.3463491757882     
  0.389655722966988       -23.7528178341913     
  0.395098498955045       -23.1699447958713     
  0.400617300543933       -22.5974511175715     
  0.406213189671899       -22.0351069816806     
  0.411887243110517       -21.4827559640656     
  0.417640552671887       -20.9403413194068     
  0.423474225418723       -20.4079311264570     
  0.429389383877373       -19.8857374580866     
  0.435387166253823       -19.3741232230245     
  0.441468726652706       -18.8735895772289     
  0.447635235299383       -18.3847376950028     
  0.453887878765117       -17.9082020719292     
  0.460227860195396       -17.4445587670560     
  0.466656399541444       -16.9942203307033     
  0.473174733794967       -16.5573373176447     
  0.479784117226177       -16.1337306330337     
  0.486485821625141       -15.7228759135633     
  0.493281136546502       -15.3239493979361     
  0.500171369557615       -14.9359272137316     
  0.507157846490156       -14.5577136179896     
  0.514241911695236       -14.1882660147780     
  0.521424928302089       -13.8266890052063     
  0.528708278480362       -13.4722833511573     
  0.536093363706078       -13.1245513299295     
  0.543581605031314       -12.7831708189053     
  0.551174443357634       -12.4479539129651     
  0.558873339713357       -12.1188034074210     
  0.566679775534690       -11.7956753662560     
  0.574595252950785       -11.4785510821300     
  0.582621295072785       -11.1674184011883     
  0.590759446286905       -10.8622607519653     
  0.599011272551600       -10.5630517989959     
  0.607378361698896       -10.2697538495819     
  0.615862323739920       -9.98231856113055     
  0.624464791174703       -9.70068891077842     
  0.633187419306307       -9.42480170865195     
  0.642031886559343       -9.15459017497215     
  0.650999894802938       -8.88998626963969     
  0.660093169678207       -8.63092258885571     
  0.669313460930310       -8.37733374372373     
  0.678662542745138       -8.12915720704776     
  0.688142214090705       -7.88633367312889     
  0.697754299063311       -7.64880700931482     
  0.707500647238535       -7.41652389562535     
  0.717383134027136       -7.18943325341672     
  0.727403661035924       -6.96748555411752     
  0.737564156433668       -6.75063208691837     
  0.747866575322119       -6.53882424585324     
  0.758312900112216       -6.33201287780143     
  0.768905140905544       -6.13014771932059     
  0.779645335881118       -5.93317693548717     
  0.790535551687581       -5.74104676340554     
  0.801577883840866       -5.55370125711300     
  0.812774457127423       -5.37108212575214     
  0.824127426013070       -5.19312865440195     
  0.835638975057565       -5.01977769478325     
  0.847311319334958       -4.85096371560526     
  0.859146704859824       -4.68661890076556     
  0.871147409019442       -4.52667328644663     
  0.883315741012015       -4.37105492856317     
  0.895654042291013       -4.21969009232754     
  0.908164687015715       -4.07250345999525     
  0.920850082508055       -3.92941835050750     
  0.933712669715838       -3.79035694753460     
  0.946754923682434       -3.65524053188160     
  0.959979354023034       -3.52398971638126     
  0.973388505407547       -3.39652468095897     
  0.986984958050259       -3.27276540409293     
   1.00077132820632       -3.15263189121817     
   1.01475026867515       -3.03604439702322     
   1.02892446931094       -2.92292363857336     
   1.04329665754020       -2.81319099936722     
   1.05786959888658       -2.70676872065401     
   1.07264609750303       -2.60358007939156     
   1.08762899671139       -2.50354954981635     
   1.10282117954946       -2.40660294604677     
   1.11822556932581       -2.31266754200243     
   1.13384513018229       -2.22167216888387     
   1.14968286766434       -2.13354728653366     
   1.16574182929939       -2.04822502460473     
   1.18202510518322       -1.96563919435397     
   1.19853582857458       -1.88572526559256     
   1.21527717649813       -1.80842031124690     
   1.23225237035570       -1.73366291775916     
   1.24946467654622       -1.66139305975146     
   1.26691740709423       -1.59155193994705     
   1.28461392028715       -1.52408180100357     
   1.30255762132155       -1.45892570743931     
   1.32075196295833       -1.39602730056111     
   1.33920044618714       -1.33533053327635     
   1.35790662090004       -1.27677938877848     
   1.37687408657456       -1.22031758587898     
   1.39610649296635       -1.16588827250855     
   1.41560754081142       -1.11343370828898     
   1.43538098253832       -1.06289493360678     
   1.45543062299011       -1.01421141967550     
   1.47576032015656      -0.967320686211805     
   1.49637398591646      -0.922157872705115     
   1.51727558679040      -0.878655243728422     
   1.53846914470395      -0.836741615546486     
   1.55995873776163      -0.796341673893570     
   1.58174850103163      -0.757375206010104     
   1.60384262734140      -0.719756265331995     
   1.62624536808455      -0.683392329541269     
   1.64896103403885      -0.648183646261843     
   1.67199399619572      -0.614022974767502     
   1.69534868660133      -0.580796118241572     
   1.71902959920940      -0.548383790678794     
   1.74304129074595      -0.516665415087265     
   1.76738838158611      -0.485525525345145     
   1.79207555664315      -0.454863365411839     
   1.81710756627004      -0.424605804957526     
   1.84248922717342      -0.394722961403262     
   1.86822542334052      -0.365245194292662     
   1.89432110697891      -0.336278432705861     
   1.92078129946941      -0.308014024731201     
   1.94761109233234      -0.280728955132538     
   1.97481564820721      -0.254771868050191     
   2.00240020184615      -0.230533387438735     
   2.03037006112115      -0.208401685161645     
   2.05873060804548      -0.188708524928662     
   2.08748729980924      -0.171676079554663     
   2.11664566982948      -0.157375932563023     
   2.14621132881493      -0.145710665885580     
   2.17618996584565      -0.136424691551012     
   2.20658734946770      -0.129142644721789     
   2.23740932880315      -0.123422070181842     
   2.26866183467561      -0.118813066805389     
   2.30035088075139      -0.114905183096442     
   2.33248256469671      -0.111366805340376     
   2.36506306935098      -0.107939546160985     
   2.39809866391658      -0.104494301906011     
   2.43159570516512      -0.100876648049760     
   2.46556063866067      -9.717372325233010E-002
   2.50000000000000      -9.349877082369998E-002
   2.53492041607020      -8.985442343422445E-002
   2.57032860632380      -8.624341359705751E-002
   2.60623138407178      -8.266857683700124E-002
   2.64263565779458      -7.913285495352990E-002
   2.67954843247143      -7.563929938070679E-002
   2.71697681092829      -7.219107464679436E-002
   2.75492799520457      -6.879146193642988E-002
   2.79340928793896      -6.544386275832914E-002
   2.83242809377463      -6.215180272155973E-002
   2.87199192078404      -5.891893542351145E-002
   2.91210838191365      -5.574904645278600E-002
   2.95278519644883      -5.264605751031359E-002
   2.99403019149920      -4.961403065210179E-002
   3.03585130350475      -4.665717265711877E-002
   3.07825657976300      -4.377983952390874E-002
   3.12125417997746      -4.098654109964706E-002
   3.16485237782772      -3.828194584544098E-002
   3.20905956256152      -3.567088574179378E-002
   3.25388424060900      -3.315836133826033E-002
   3.29933503721953      -3.074954695143761E-002
   3.34542069812140      -2.844979601554964E-002
   3.39215009120471      -2.626464659000927E-002
   3.43953220822768      -2.419982702846302E-002
   3.48757616654694      -2.226126181395360E-002
   3.53629121087187      -2.045507756496390E-002
   3.58568671504348      -1.878760921724631E-002
   3.63577218383816      -1.726540638647611E-002
   3.68655725479659      -1.589523991691377E-002
   3.73805170007823      -1.468410862140390E-002
   3.79026542834168      -1.363924621819723E-002
   3.84320848665135      -1.276812847023034E-002
   3.89689106241071      -1.207848053266058E-002
   3.95132348532255      -1.157828451462040E-002
   4.00651622937671      -1.127578726132006E-002
   4.06247991486545      -1.117950836280646E-002
   4.11922531042702      -1.117950836280646E-002
   4.17676333511782      -1.117950836280646E-002
   4.23510506051345      -1.117950836280646E-002
   4.29426171283910      -1.117950836280646E-002
   4.35424467512976      -1.117950836280646E-002
   4.41506548942055      -1.117950836280646E-002
   4.47673585896764      -1.117950836280646E-002
   4.53926765050025      -1.117950836280646E-002
   4.60267289650403      -1.117950836280646E-002
   4.66696379753641      -1.117950836280646E-002
   4.73215272457422      -1.117950836280646E-002
   4.79825222139416      -1.117950836280646E-002
   4.86527500698649      -1.117950836280646E-002
   4.93323397800245      -1.117950836280646E-002
   5.00214221123584      -1.117950836280646E-002
   5.07201296613930      -1.117950836280646E-002
   5.14285968737571      -1.117950836280646E-002
   5.21469600740523      -1.117950836280646E-002
   5.28753574910851      -1.117950836280646E-002
   5.36139292844647      -1.117950836280646E-002
   5.43628175715734      -1.117950836280646E-002
   5.51221664549124      -1.117950836280646E-002
   5.58921220498309      -1.117950836280646E-002
   5.66728325126414      -1.117950836280646E-002
   5.74644480691287      -1.117950836280646E-002
   5.82671210434559      -1.117950836280646E-002
   5.90810058874761      -1.117950836280646E-002
   5.99062592104506      -1.117950836280646E-002
   6.07430398091859      -1.117950836280646E-002
   6.15915086985880      -1.117950836280646E-002
   6.24518291426463      -1.117950836280646E-002
   6.33241666858488      -1.117950836280646E-002
   6.42086891850361      -1.117950836280646E-002
   6.51055668417015      -1.117950836280646E-002
   6.60149722347408      -1.117950836280646E-002
   6.69370803536606      -1.117950836280646E-002
   6.78720686322503      -1.117950836280646E-002
   6.88201169827235      -1.117950836280646E-002
   6.97814078303381      -1.117950836280646E-002
   7.07561261484979      -1.117950836280646E-002
   7.17444594943462      -1.117950836280646E-002
   7.27465980448558      -1.117950836280646E-002
   7.37627346334230      -1.117950836280646E-002
   7.47930647869728      -1.117950836280646E-002
   7.58377867635833      -1.117950836280646E-002
   7.68971015906342      -1.117950836280646E-002
   7.79712131034891      -1.117950836280646E-002
   7.90603279847179      -1.117950836280646E-002
   8.01646558038669      -1.117950836280646E-002
   8.12844090577850      -1.117950836280646E-002
   8.24198032115123      -1.117950836280646E-002
   8.35710567397402      -1.117950836280646E-002
   8.47383911688513      -1.117950836280646E-002
   8.59220311195455      -1.117950836280646E-002
   8.71222043500619      -1.117950836280646E-002
   8.83391418000047      -1.117950836280646E-002
   8.95730776347808      -1.117950836280646E-002
   9.08242492906586      -1.117950836280646E-002
   9.20928975204559      -1.117950836280646E-002
   9.33792664398656      -1.117950836280646E-002
   9.46836035744296      -1.117950836280646E-002
   9.60061599071675      -1.117950836280646E-002
   9.73471899268715      -1.117950836280646E-002
   9.87069516770759      -1.117950836280646E-002
   10.0085706805710      -1.117950836280646E-002
   10.1483720615444      -1.117950836280646E-002
   10.2901262114741      -1.117950836280646E-002
   10.4338604069619      -1.117950836280646E-002
   10.5796023056137      -1.117950836280646E-002
   10.7273799513614      -1.117950836280646E-002
   10.8772217798592      -1.117950836280646E-002
   11.0291566239554      -1.117950836280646E-002
   11.1832137192402      -1.117950836280646E-002
   11.3394227096713      -1.117950836280646E-002
   11.4978136532784      -1.117950836280646E-002
   11.6584170279464      -1.117950836280646E-002
   11.8212637372807      -1.117950836280646E-002
   11.9863851165532      -1.117950836280646E-002
   12.1538129387323      -1.117950836280646E-002
   12.3235794205963      -1.117950836280646E-002
   12.4957172289328      -1.117950836280646E-002
   12.6702594868247      -1.117950836280646E-002
   12.8472397800237      -1.117950836280646E-002
   13.0266921634125      -1.117950836280646E-002
   13.2086511675584      -1.117950836280646E-002
   13.3931518053573      -1.117950836280646E-002
   13.5802295787710      -1.117950836280646E-002
   13.7699204856588      -1.117950836280646E-002
   13.9622610267039      -1.117950836280646E-002
   14.1572882124372      -1.117950836280646E-002
   14.3550395703588      -1.117950836280646E-002
   14.5555531521592      -1.117950836280646E-002
   14.7588675410413      -1.117950836280646E-002
   14.9650218591446      -1.117950836280646E-002
   15.1740557750729      -1.117950836280646E-002
   15.3860095115281      -1.117950836280646E-002
   15.6009238530491      -1.117950836280646E-002
   15.8188401538603      -1.117950836280646E-002
   16.0398003458286      -1.117950836280646E-002
   16.2638469465323      -1.117950836280646E-002
   16.4910230674423      -1.117950836280646E-002
   16.7213724222176      -1.117950836280646E-002
   16.9549393351170      -1.117950836280646E-002
   17.1917687495279      -1.117950836280646E-002
   17.4319062366144      -1.117950836280646E-002
  1.000000000000000E-005  -5199810.63922000     
  1.016062530022363E-005  -5117606.07908212     
  1.032383064915444E-005  -5036701.06271637     
  1.048965748890227E-005  -4957075.04347137     
  1.065814792724207E-005  -4878707.79895482     
  1.082934474830617E-005  -4801579.42585890     
  1.100329142344835E-005  -4725670.35115428     
  1.118003212228230E-005  -4650961.25602948     
  1.135961172389743E-005  -4577433.23710714     
  1.154207582825492E-005  -4505067.59529856     
  1.172747076776664E-005  -4433845.96603027     
  1.191584361906028E-005  -4363750.26058799     
  1.210724221493321E-005  -4294762.68130371     
  1.230171515649859E-005  -4226865.71015517     
  1.249931182552640E-005  -4160042.10663095     
  1.270008239698279E-005  -4094274.90259853     
  1.290407785177080E-005  -4029547.39822145     
  1.311134998967577E-005  -3965843.15767211     
  1.332195144251864E-005  -3903146.00494966     
  1.353593568752055E-005  -3841440.01979036     
  1.375335706088212E-005  -3780709.53361586     
  1.397427077158081E-005  -3720939.12555323     
  1.419873291538995E-005  -3662113.61852861     
  1.442680048912290E-005  -3604218.07539748     
  1.465853140510607E-005  -3547237.79516463     
  1.489398450588433E-005  -3491158.30924941     
  1.513321957916270E-005  -3435965.37780673     
  1.537629737298801E-005  -3381644.98611967     
  1.562327961117440E-005  -3328183.34103228     
  1.587422900897665E-005  -3275566.86744574     
  1.612920928901520E-005  -3223782.20488233     
  1.638828519745697E-005  -3172816.20408452     
  1.665152252045616E-005  -3122655.92367439     
  1.691898810085904E-005  -3073288.62687775     
  1.719074985517708E-005  -3024701.77827879     
  1.746687679083278E-005  -2976883.04064123     
  1.774743902368244E-005  -2929820.27177356     
  1.803250779582039E-005  -2883501.52145238     
  1.832215549366924E-005  -2837915.02838278     
  1.861645566636069E-005  -2793049.21720713     
  1.891548304441159E-005  -2748892.69557734     
  1.921931355869995E-005  -2705434.25124894     
  1.952802435974576E-005  -2662662.84924518     
  1.984169383730160E-005  -2620567.62904731     
  2.016040164025779E-005  -2579137.90184465     
  2.048422869686731E-005  -2538363.14780560     
  2.081325723529568E-005  -2498233.01342392     
  2.114757080450078E-005  -2458737.30887965     
  2.148725429544810E-005  -2419866.00544700     
  2.183239396266688E-005  -2381609.23296423     
  2.218307744615226E-005  -2343957.27730369     
  2.253939379361947E-005  -2306900.57793033     
  2.290143348311534E-005  -2270429.72545301     
  2.326928844599302E-005  -2234535.45924838     
  2.364305209025579E-005  -2199208.66509572     
  2.402281932427580E-005  -2164440.37287940     
  2.440868658089377E-005  -2130221.75429753     
  2.480075184190581E-005  -2096544.12062390     
  2.519911466294359E-005  -2063398.92050105     
  2.560387619875407E-005  -2030777.73777199     
  2.601513922888542E-005  -1998672.28933249     
  2.643300818378533E-005  -1967074.42304450     
  2.685758917131873E-005  -1935976.11564579     
  2.728899000371132E-005  -1905369.47072532     
  2.772732022492588E-005  -1875246.71671508     
  2.817269113847841E-005  -1845600.20491384     
  2.862521583570097E-005  -1816422.40754398     
  2.908500922445851E-005  -1787705.91584256     
  2.955218805832708E-005  -1759443.43817374     
  3.002687096624046E-005  -1731627.79818646     
  3.050917848261329E-005  -1704251.93297752     
  3.099923307794788E-005  -1677308.89131055     
  3.149715918993264E-005  -1650791.83184143     
  3.200308325504006E-005  -1624694.02138031     
  3.251713374063231E-005  -1599008.83318564     
  3.303944117758240E-005  -1573729.74528332     
  3.357013819341939E-005  -1548850.33879731     
  3.410935954600605E-005  -1524364.29632371     
  3.465724215775732E-005  -1500265.40033601     
  3.521392515040859E-005  -1476547.53158771     
  3.577954988034225E-005  -1453204.66757092     
  3.635425997448187E-005  -1430230.88097782     
  3.693820136676275E-005  -1407620.33819913     
  3.753152233518845E-005  -1385367.29783676     
  3.813437353948238E-005  -1363466.10924438     
  3.874690805934430E-005  -1341911.21109884     
  3.936928143332124E-005  -1320697.12997715     
  4.000165169830281E-005  -1299818.47896936     
  4.064417942965088E-005  -1279269.95630569     
  4.129702778197393E-005  -1259046.34401185     
  4.196036253055623E-005  -1239142.50658312     
  4.263435211345250E-005  -1219553.38967363     
  4.331916767425880E-005  -1200274.01881492     
  4.401498310557035E-005  -1181299.49814680     
  4.472197509313735E-005  -1162625.00917762     
  4.544032316073021E-005  -1144245.80955191     
  4.617020971572530E-005  -1126157.23185119     
  4.691182009542291E-005  -1108354.68240067     
  4.766534261410930E-005  -1090833.64010079     
  4.843096861087462E-005  -1073589.65528361     
  4.920889249819890E-005  -1056618.34856989     
  4.999931181131842E-005  -1039915.40976430     
  5.080242725838519E-005  -1023476.59675292     
  5.161844277143189E-005  -1007297.73442481     
  5.244756555815561E-005  -991374.713610797     
  5.329000615453331E-005  -975703.490034723     
  5.414597847828239E-005  -960280.083288272     
  5.501569988318000E-005  -945100.575812116     
  5.589939121425485E-005  -930161.111906541     
  5.679727686386561E-005  -915457.896738171     
  5.770958482867988E-005  -900987.195387165     
  5.863654676756863E-005  -886745.331892709     
  5.957839806043037E-005  -872728.688304286     
  6.053537786796029E-005  -858933.703778365     
  6.150772919237947E-005  -845356.873668197     
  6.249569893913940E-005  -831994.748623993     
  6.349953797961785E-005  -818843.933718696     
  6.451950121482161E-005  -805901.087593269     
  6.555584764011252E-005  -793162.921591669     
  6.660884041097327E-005  -780626.198927702     
  6.767874690982927E-005  -768287.733877181     
  6.876583881394428E-005  -756144.390951661     
  6.987039216440619E-005  -744193.084098484     
  7.099268743622122E-005  -732430.775930458     
  7.213300960953370E-005  -720854.476951251     
  7.329164824199022E-005  -709461.244782179     
  7.446889754226561E-005  -698248.183430379     
  7.566505644477048E-005  -687212.442554040     
  7.688042868555837E-005  -676351.216724129     
  7.811532287945227E-005  -665661.744727651     
  7.937005259840998E-005  -655141.308864292     
  8.064493645114845E-005  -644787.234255543     
  8.194029816404652E-005  -634596.888164802     
  8.325646666334786E-005  -624567.679340898     
  8.459377615868368E-005  -614697.057368117     
  8.595256622793758E-005  -604982.511978779     
  8.733318190347293E-005  -595421.572474873     
  8.873597375974589E-005  -586011.807098007     
  9.016129800232541E-005  -576750.822368471     
  9.160951655834289E-005  -567636.262528276     
  9.308099716839542E-005  -558665.808938136     
  9.457611347992421E-005  -549837.179485478     
  9.609524514209383E-005  -541148.128032830     
  9.763877790219503E-005  -532596.443812422     
  9.920710370359579E-005  -524179.950920341     
  1.008006207852664E-004  -515896.507756934     
  1.024197337829025E-004  -507744.006453678     
  1.040648538316728E-004  -499720.372412347     
  1.057363986706168E-004  -491823.563732281     
  1.074347927487201E-004  -484051.570724695     
  1.091604673326927E-004  -476402.415430802     
  1.109138606164792E-004  -468874.151077682     
  1.126954178325275E-004  -461464.861643112     
  1.145055913648452E-004  -454172.661365045     
  1.163448408638714E-004  -446995.694271041     
  1.182136333631943E-004  -439932.133711001     
  1.201124433981431E-004  -432980.181914724     
  1.220417531262852E-004  -426138.069559564     
  1.240020524498578E-004  -419404.055298438     
  1.259938391401683E-004  -412776.425360305     
  1.280176189639899E-004  -406253.493122531     
  1.300739058119904E-004  -399833.598669072     
  1.321632218292214E-004  -393515.108417257     
  1.342860975477054E-004  -387296.414695303     
  1.364430720211514E-004  -381175.935325522     
  1.386346929618344E-004  -375152.113277071     
  1.408615168796749E-004  -369223.416258373     
  1.431241092235503E-004  -363388.336317010     
  1.454230445248774E-004  -357645.389499136     
  1.477589065435016E-004  -351993.115477189     
  1.501322884159280E-004  -346430.077170409     
  1.525437928059349E-004  -340954.860390271     
  1.549940320576052E-004  -335566.073511912     
  1.574836283508175E-004  -330262.347099587     
  1.600132138592332E-004  -325042.333569746     
  1.625834309108218E-004  -319904.706874027     
  1.651949321509656E-004  -314848.162138950     
  1.678483807081825E-004  -309871.415354467     
  1.705444503625127E-004  -304973.203041749     
  1.732838257166078E-004  -300152.281938078     
  1.760672023695707E-004  -295407.428684396     
  1.788952870935853E-004  -290737.439500803     
  1.817687980133852E-004  -286141.129896892     
  1.846884647886039E-004  -281617.334350755     
  1.876550287990549E-004  -277164.906018026     
  1.906692433329870E-004  -272782.716443506     
  1.937318737783643E-004  -268469.655250444     
  1.968436978172178E-004  -264224.629870272     
  2.000055056231197E-004  -260046.565243091     
  2.032181000618288E-004  -255934.403545875     
  2.064822968951595E-004  -251887.103920865     
  2.097989249881242E-004  -247903.642179501     
  2.131688265194054E-004  -243983.010550398     
  2.165928571952052E-004  -240124.217408871     
  2.200718864665324E-004  -236326.287018989     
  2.236067977499790E-004  -232588.259255213     
  2.271984886520423E-004  -228909.189357552     
  2.308478711970512E-004  -225288.147696007     
  2.345558720587523E-004  -221724.219482867     
  2.383234327956174E-004  -218216.504557903     
  2.421515100899296E-004  -214764.117145858     
  2.460410759907094E-004  -211366.185591562     
  2.499931181605446E-004  -208021.852151359     
  2.540086401263823E-004  -204730.272753422     
  2.580886615343518E-004  -201490.616761862     
  2.622342184086788E-004  -198302.066766162     
  2.664463634147589E-004  -195163.818347200     
  2.707261661264578E-004  -192075.079867273     
  2.750747132977030E-004  -189035.072259164     
  2.794931091384402E-004  -186043.028808965     
  2.839824755950198E-004  -183098.194945667     
  2.885439526350897E-004  -180199.828059321     
  2.931786985370620E-004  -177347.197277456     
  2.978878901842306E-004  -174539.583275421     
  3.026727233636131E-004  -171776.278100686     
  3.075344130695913E-004  -169056.584958624     
  3.124741938124312E-004  -166379.818045575     
  3.174933199317569E-004  -163745.302355257     
  3.225930659150603E-004  -161152.373512232     
  3.277747267213270E-004  -158600.377586304     
  3.330396181098599E-004  -156088.670916480     
  3.383890769743858E-004  -153616.619962839     
  3.438244616825263E-004  -151183.601118663     
  3.493471524207245E-004  -148789.000559537     
  3.549585515447093E-004  -146432.214080503     
  3.606600839355904E-004  -144112.646941219     
  3.664531973616737E-004  -141829.713715675     
  3.723393628460862E-004  -139582.838134102     
  3.783200750403088E-004  -137371.452940906     
  3.843968526037061E-004  -135194.999751798     
  3.905712385891549E-004  -133052.928908481     
  3.968448008348646E-004  -130944.699338328     
  4.032191323624929E-004  -128869.778423201     
  4.096958517816565E-004  -126827.641860387     
  4.162766037009366E-004  -124817.773532688     
  4.229630591454902E-004  -122839.665382049     
  4.297569159813647E-004  -120892.817278368     
  4.366598993466334E-004  -118976.736898180     
  4.436737620894506E-004  -117090.939602658     
  4.508002852131468E-004  -115234.948315612     
  4.580412783284725E-004  -113408.293407780     
  4.653985801131048E-004  -111610.512580370     
  4.728740587785365E-004  -109841.150750830     
  4.804696125444630E-004  -108099.759942349     
  4.881871701207914E-004  -106385.899172851     
  4.960286911973890E-004  -104699.134348024     
  5.039961669417001E-004  -103039.038154445     
  5.120916205043569E-004  -101405.189955570     
  5.203171075329082E-004  -99797.1756890885     
  5.286747166938045E-004  -98214.5877657374     
  5.371665702027628E-004  -96657.0249701160     
  5.457948243636540E-004  -95124.0923629714     
  5.545616701160453E-004  -93615.4011844821     
  5.634693335915356E-004  -92130.5687603437     
  5.725200766790302E-004  -90669.2184077801     
  5.817161975990927E-004  -89230.9793441120     
  5.910600314875226E-004  -87815.4865964672     
  6.005539509883092E-004  -86422.3809123026     
  6.102003668561078E-004  -85051.3086723336     
  6.200017285683904E-004  -83701.9218037964     
  6.299605249474367E-004  -82373.8776953998     
  6.400792847923079E-004  -81066.8391138247     
  6.503605775209771E-004  -79780.4741210293     
  6.608070138227686E-004  -78514.4559926920     
  6.714212463212845E-004  -77268.4631387504     
  6.822059702479725E-004  -76042.1790235779     
  6.931639241265153E-004  -74835.2920889781     
  7.042978904682159E-004  -73647.4956774570     
  7.156106964785480E-004  -72478.4879559927     
  7.271052147750589E-004  -71327.9718424171     
  7.387843641167994E-004  -70195.6549325416     
  7.506511101454773E-004  -69081.2494259154     
  7.627084661385093E-004  -67984.4720567629     
  7.749594937741689E-004  -66905.0440230612     
  7.874073039090311E-004  -65842.6909167833     
  8.000550573678973E-004  -64797.1426569101     
  8.129059657464125E-004  -63768.1334214378     
  8.259632922265717E-004  -62755.4015818555     
  8.392303524053300E-004  -61758.6896375351     
  8.527105151365191E-004  -60777.7441513697     
  8.664072033862833E-004  -59812.3156873102     
  8.803238951022664E-004  -58862.1587474692     
  8.944641240967502E-004  -57927.0317108834     
  9.088314809439803E-004  -57006.6967725819     
  9.234296138919109E-004  -56100.9198846355     
  9.382622297885880E-004  -55209.4706974637     
  9.533330950234165E-004  -54332.1225010842     
  9.686460364835416E-004  -53468.6521694450     
  9.842049425256008E-004  -52618.8401032165     
  1.000013763963077E-003  -51782.4701750925     
  1.016076515069509E-003  -50959.3296755883     
  1.032397274597830E-003  -50149.2092581497     
  1.048980186816063E-003  -49351.9028881597     
  1.065829462559660E-003  -48567.2077894943     
  1.082949380300742E-003  -47794.9243943665     
  1.100344287234522E-003  -47034.8562920919     
  1.118018600383162E-003  -46286.8101787078     
  1.135976807717376E-003  -45550.5958106001     
  1.154223469296043E-003  -44826.0259544502     
  1.172763218424126E-003  -44112.9163392133     
  1.191600762829187E-003  -43411.0856108231     
  1.210740885856801E-003  -42720.3552864634     
  1.230188447685177E-003  -42040.5497073773     
  1.249948386559284E-003  -41371.4959956847     
  1.270025720044796E-003  -40713.0240119281     
  1.290425546302188E-003  -40064.9663080545     
  1.311153045381290E-003  -39427.1580877630     
  1.332213480536640E-003  -38799.4371646267     
  1.353612199563955E-003  -38181.6439195797     
  1.375354636158087E-003  -37573.6212612440     
  1.397446311292773E-003  -36975.2145851310     
  1.419892834622552E-003  -36386.2717353130     
  1.442699905907214E-003  -35806.6429654445     
  1.465873316459108E-003  -35236.1809000436     
  1.489418950613713E-003  -34674.7404975743     
  1.513342787223821E-003  -34122.1790134404     
  1.537650901177729E-003  -33578.3559636676     
  1.562349464941810E-003  -33043.1330885519     
  1.587444750127859E-003  -32516.3743186290     
  1.612943129085629E-003  -31997.9457392016     
  1.638851076520930E-003  -31487.7155555818     
  1.665175171139730E-003  -30985.5540613393     
  1.691922097318654E-003  -30491.3336038094     
  1.719098646802333E-003  -30004.9285518000     
  1.746711720427999E-003  -29526.2152639663     
  1.774768329877786E-003  -29055.0720570954     
  1.803275599459185E-003  -28591.3791752423     
  1.832240767914094E-003  -28135.0187587448     
  1.861671190256910E-003  -27685.8748148953     
  1.891574339642178E-003  -27243.8331878082     
  1.921957809262211E-003  -26808.7815295640     
  1.952829314275200E-003  -26380.6092718455     
  1.984196693764295E-003  -25959.2075968698     
  2.016067912728156E-003  -25544.4694108596     
  2.048451064103474E-003  -25136.2893159400     
  2.081354370819976E-003  -24734.5635833115     
  2.114786187888447E-003  -24339.1901273686     
  2.148755004522282E-003  -23950.0684789522     
  2.183269446293125E-003  -23567.0997603206     
  2.218338277321114E-003  -23190.1866597974     
  2.253970402500340E-003  -22819.2334066784     
  2.290174869760020E-003  -22454.1457473239     
  2.326960872361999E-003  -22094.8309207546     
  2.364337751235176E-003  -21741.1976352134     
  2.402314997347395E-003  -21393.1560448557     
  2.440902254115461E-003  -21050.6177267512     
  2.480109319853843E-003  -20713.4956586419     
  2.519946150262735E-003  -20381.7041963555     
  2.560422860956068E-003  -20055.1590524488     
  2.601549730030118E-003  -19733.7772744039     
  2.643337200673395E-003  -19417.4772235545     
  2.685795883818439E-003  -19106.1785544158     
  2.728936560836212E-003  -18799.8021940750     
  2.772770186273765E-003  -18498.2703222076     
  2.817307890635899E-003  -18201.5063511307     
  2.862560983211478E-003  -17909.4349062511     
  2.908540954945155E-003  -17621.9818070832     
  2.955259481355232E-003  -17339.0740481108     
  3.002728425498371E-003  -17060.6397804348     
  3.050959840981942E-003  -16786.6082932336     
  3.099965975024736E-003  -16516.9099958884     
  3.149759271566872E-003  -16251.4764003492     
  3.200352374429631E-003  -15990.2401035043     
  3.251758130526045E-003  -15733.1347701047     
  3.303989593123080E-003  -15480.0951158731     
  3.357060025156195E-003  -15231.0568910280     
  3.410982902597139E-003  -14985.9568635567     
  3.465771917875870E-003  -14744.7328034557     
  3.521440983357411E-003  -14507.3234668107     
  3.578004234874569E-003  -14273.6685800738     
  3.635476035317381E-003  -14043.7088248315     
  3.693870978280245E-003  -13817.3858226939     
  3.753203891767608E-003  -13594.6421204205     
  3.813489841959171E-003  -13375.4211751998     
  3.874744137035614E-003  -13159.6673404119     
  3.936982331065720E-003  -12947.3258513842     
  4.000220227955977E-003  -12738.3428114125     
  4.064473885463581E-003  -12532.6651780394     
  4.129759619273947E-003  -12330.2407495941     
  4.196094007143677E-003  -12131.0181519384     
  4.263493893110076E-003  -11934.9468252156     
  4.331976391768315E-003  -11741.9770111528     
  4.401558892617259E-003  -11552.0597403083     
  4.472259064475122E-003  -11365.1468195560     
  4.544094859966035E-003  -11181.1908198985     
  4.617084520078702E-003  -11000.1450643542     
  4.691246578798255E-003  -10821.9636160130     
  4.766599867812506E-003  -10646.6012663214     
  4.843163521293831E-003  -10474.0135237884     
  4.920956980757824E-003  -10304.1566022268     
  5.000000000000004E-003  -10136.9874100000     
  5.080312650111814E-003  -9972.46353893887     
  5.161915324577221E-003  -9810.54325312817     
  5.244828744451140E-003  -9651.18547895450     
  5.329073963621035E-003  -9494.34979415647     
  5.414672374153087E-003  -9339.99641747672     
  5.501645711724176E-003  -9188.08619889450     
  5.590016061141151E-003  -9038.58060925421     
  5.679805861948718E-003  -8891.44173064625     
  5.771037914127458E-003  -8746.63224665052     
  5.863735383883326E-003  -8604.11543279557     
  5.957921809530140E-003  -8463.85514726599     
  6.053621107466605E-003  -8325.81582155587     
  6.150857578249292E-003  -8189.96245142913     
  6.249655912763202E-003  -8056.26058805515     
  6.350041198491394E-003  -7924.67632903787     
  6.452038925885399E-003  -7795.17630984351     
  6.555674994837889E-003  -7667.72769532987     
  6.660975721259323E-003  -7542.29817119823     
  6.767967843760276E-003  -7418.85593578013     
  6.876678530441064E-003  -7297.36969198288     
  6.987135385790406E-003  -7177.80863915901     
  7.099366457694975E-003  -7060.14246519454     
  7.213400244561452E-003  -6944.34133890146     
  7.329265702553042E-003  -6830.37590222193     
  7.446992252942170E-003  -6718.21726271219     
  7.566609789581352E-003  -6607.83698617375     
  7.688148686494009E-003  -6499.20708936902     
  7.811639805587204E-003  -6392.30003279400     
  7.937114504488328E-003  -6287.08871353771     
  8.064604644507598E-003  -6183.54645849348     
  8.194142598728492E-003  -6081.64701734967     
  8.325761260228085E-003  -5981.36455586234     
  8.459494050429520E-003  -5882.67364927732     
  8.595374927588545E-003  -5785.54927568897     
  8.733438395416397E-003  -5689.96680966634     
  8.873719511841224E-003  -5595.90201587820     
  9.016253897910194E-003  -5503.33104284984     
  9.161077746834626E-003  -5412.23041681387     
  9.308227833180352E-003  -5322.57703563991     
  9.457741522205798E-003  -5234.34816290413     
  9.609656779349980E-003  -5147.52142199203     
  9.764012179872885E-003  -5062.07479032287     
  9.920846918650804E-003  -4977.98659366687     
  1.008020082012889E-002  -4895.23550054968     
  1.024211434843366E-002  -4813.80051672925     
  1.040662861764784E-002  -4733.66097976689     
  1.057378540225039E-002  -4654.79655369021     
  1.074362714772406E-002  -4577.18722372941     
  1.091619698133344E-002  -4500.81329115118     
  1.109153872307613E-002  -4425.65536815221     
  1.126969689680973E-002  -4351.69437284716     
  1.145071674155767E-002  -4278.91152434139     
  1.163464422299651E-002  -4207.28833786185     
  1.182152604512790E-002  -4136.80661999725     
  1.201140966213791E-002  -4067.44846398646     
  1.220434329044689E-002  -3999.19624508266     
  1.240037592095291E-002  -3932.03261602920     
  1.259955733147180E-002  -3865.94050255971     
  1.280193809937705E-002  -3800.90309901497     
  1.300756961444271E-002  -3736.90386400000     
  1.321650409189266E-002  -3673.92651612886     
  1.342879458565937E-002  -3611.95502985895     
  1.364449500185566E-002  -3550.97363133928     
  1.386366011246294E-002  -3490.96679440643     
  1.408634556923922E-002  -3431.91923657854     
  1.431260791785049E-002  -3373.81591515902     
  1.454250461222926E-002  -3316.64202340668     
  1.477609402916354E-002  -3260.38298674201     
  1.501343548312024E-002  -3205.02445906668     
  1.525458924130665E-002  -3150.55231910219     
  1.549961653897395E-002  -3096.95266682144     
  1.574857959496633E-002  -3044.21181994112     
  1.600154162752004E-002  -2992.31631046451     
  1.625856687031616E-002  -2941.25288129716     
  1.651972058879119E-002  -2891.00848291948     
  1.678506909670971E-002  -2841.57027011611     
  1.705467977300303E-002  -2792.92559876149     
  1.732862107887866E-002  -2745.06202267729     
  1.760696257520430E-002  -2697.96729051994     
  1.788977494017113E-002  -2651.62934273707     
  1.817712998724094E-002  -2606.03630857762     
  1.846910068338137E-002  -2561.17650313305     
  1.876576116759424E-002  -2517.03842444620     
  1.906718676974120E-002  -2473.61075065009     
  1.937345402967216E-002  -2430.88233715426     
  1.968464071666063E-002  -2388.84221386984     
  2.000082584915141E-002  -2347.47958246494     
  2.032208971482544E-002  -2306.78381366808     
  2.064851389098697E-002  -2266.74444458278     
  2.098018126527813E-002  -2227.35117604550     
  2.131717605672626E-002  -2188.59387000718     
  2.165958383712940E-002  -2150.46254692898     
  2.200749155278519E-002  -2112.94738321188     
  2.236098754656868E-002  -2076.03870863716     
  2.272016158036511E-002  -2039.72700383631     
  2.308510485786264E-002  -2004.00289778122     
  2.345591004771147E-002  -1968.85716528768     
  2.383267130705466E-002  -1934.28072456503     
  2.421548430543731E-002  -1900.26463479166     
  2.460444624909946E-002  -1866.80009372924     
  2.499965590565922E-002  -1833.87843540365     
  2.540121362919260E-002  -1801.49112785146     
  2.580922138571597E-002  -1769.62977095320     
  2.622378277907782E-002  -1738.28609438314     
  2.664500307726666E-002  -1707.45195569507     
  2.707298923914120E-002  -1677.11933858122     
  2.750784994159002E-002  -1647.28035133144     
  2.794969560712744E-002  -1617.92722553509     
  2.839863843193281E-002  -1589.05231507128     
  2.885479241433997E-002  -1560.64809541102     
  2.931827338378433E-002  -1532.70716328980     
  2.978919903021519E-002  -1505.22223677127     
  3.026768893398015E-002  -1478.18615572202     
  3.075386459618975E-002  -1451.59188272995     
  3.124784946956968E-002  -1425.43250442711     
  3.174976898980893E-002  -1399.70123319888     
  3.225975060741083E-002  -1374.39140921209     
  3.277792382005625E-002  -1349.49650264515     
  3.330442020548664E-002  -1325.01011597509     
  3.383937345491467E-002  -1300.92598612169     
  3.438291940697213E-002  -1277.23798620980     
  3.493519608220311E-002  -1253.94012665729     
  3.549634371811064E-002  -1231.02655528350     
  3.606650480476685E-002  -1208.49155611356     
  3.664582412099512E-002  -1186.32954655392     
  3.723444877113285E-002  -1164.53507268763     
  3.783252822238525E-002  -1143.10280248642     
  3.844021434277921E-002  -1122.02751684661     
  3.905766143972617E-002  -1101.30409853621     
  3.968502629920499E-002  -1080.92751924620     
  4.032246822557425E-002  -1060.89282514279     
  4.097014908202325E-002  -1041.19512148937     
  4.162823333167394E-002  -1021.82955699142     
  4.229688807934188E-002  -1002.79130864667     
  4.297628311396877E-002  -984.075567869169     
  4.366659095173647E-002  -965.677528620382     
  4.436798687987299E-002  -947.592378165059     
  4.508064900116269E-002  -929.815290880992     
  4.580475827917148E-002  -912.341425369725     
  4.654049858419775E-002  -895.165924892683     
  4.728805673996210E-002  -878.283920949683     
  4.804762257104694E-002  -861.690539678930     
  4.881938895109756E-002  -845.380910636677     
  4.960355185179790E-002  -829.350177448612     
  5.040031039263325E-002  -813.593509807899     
  5.120986689145125E-002  -798.106116286407     
  5.203242691583641E-002  -782.883257448673     
  5.286819933530844E-002  -767.920258745051     
  5.371739637436002E-002  -753.212522694833     
  5.458023366634636E-002  -738.755539884154     
  5.545693030823964E-002  -724.544898337801     
  5.634770891626374E-002  -710.576290935999     
  5.725279568242261E-002  -696.845520640815     
  5.817242043193574E-002  -683.348503453223     
  5.910681668159713E-002  -670.081269179083     
  6.005622169907161E-002  -657.039960229383     
  6.102087656314263E-002  -644.220828772874     
  6.200102622492892E-002  -631.620232621640     
  6.299691957008417E-002  -619.234630252063     
  6.400880948199493E-002  -607.060575310500     
  6.503695290599519E-002  -595.094710899537     
  6.608161091461075E-002  -583.333763875936     
  6.714304877385269E-002  -571.774539304512     
  6.822153601057569E-002  -560.413915163435     
  6.931734648091729E-002  -549.248837350131     
  7.043075843983745E-002  -538.276314999065     
  7.156205461177514E-002  -527.493416125083     
  7.271152226243877E-002  -516.897263573799     
  7.387945327175079E-002  -506.485031284372     
  7.506614420796406E-002  -496.253940856307     
  7.627189640296753E-002  -486.201258410787     
  7.749701602880263E-002  -476.324291753835     
  7.874181417540882E-002  -466.620387829148     
  8.000660692961666E-002  -457.086930457710     
  8.129171545541089E-002  -447.721338359177     
  8.259746607548284E-002  -438.521063442844     
  8.392419035409125E-002  -429.483589355329     
  8.527222518125635E-002  -420.606430275244     
  8.664191285830400E-002  -411.887129937017     
  8.803360118478532E-002  -403.323260864983     
  8.944764354679267E-002  -394.912423805396     
  9.088439900669266E-002  -386.652247335456     
  9.234423239430194E-002  -378.540387630283     
  9.382751439952750E-002  -370.574528368889     
  9.533462166649360E-002  -362.752380758852     
  9.686593688918212E-002  -355.071683660617     
  9.842184890860894E-002  -347.530203786470     
  0.100002752811560       -340.125735954472     
  0.101609050030914       -332.856103376323     
  0.103241148447580       -325.719157958508     
  0.104899462494062       -318.712780597017     
  0.106584413259703       -311.834881452184     
  0.108296428597603       -305.083400201910     
  0.110035943233266       -298.456306268537     
  0.111803398874990       -291.951599039641     
  0.113599244326021       -285.567308116364     
  0.115423935598526       -279.301493640603     
  0.117277936029376       -273.152246777909     
  0.119161716397809       -267.117690457002     
  0.121075755044965       -261.195980489945     
  0.123020537995355       -255.385307209283     
  0.124996559080272       -249.683897768596     
  0.127004320063191       -244.090019230768     
  0.129044330767176       -238.601982525232     
  0.131117109204339       -233.218147279348     
  0.133223181707379       -227.936927392104     
  0.135363083063229       -222.756797058104     
  0.137537356648851       -217.676296744540     
  0.139746554569220       -212.694038384877     
  0.141991237797510       -207.808708858882     
  0.144271976317545       -203.019070672445     
  0.146589349268531       -198.323958711686     
  0.148943945092115       -193.722272072928     
  0.151336361681807       -189.212960267681     
  0.153767206534796       -184.795003589175     
  0.156237096906216       -180.467388044435     
  0.158746659965878       -176.229075923066     
  0.161296532957530       -172.078973810356     
  0.163887363360664       -168.015900472496     
  0.166519809054930       -164.038557677149     
  0.169194538487193       -160.145507707189     
  0.171912230841263       -156.335161588160     
  0.174673576210362       -152.605781996285     
  0.177479275772355       -148.955503724272     
  0.180330041967795       -145.382372033729     
  0.183226598680837       -141.884395625355     
  0.186169681423043       -138.459607034137     
  0.189160037520154       -135.106120632652     
  0.192198426301853       -131.822178397335     
  0.195285619294578       -128.606176479183     
  0.198422400417432       -125.456670438949     
  0.201609566181247       -122.372361949063     
  0.204847925890828       -119.352073160945     
  0.208138301850468       -116.394716036454     
  0.211481529572745       -113.499262989719     
  0.214878457990682       -110.664723056935     
  0.218329949673317       -107.890125430070     
  0.221836881044725       -105.174510225335     
  0.225400142606573       -102.516925088809     
  0.229020639164236       -99.9164256851108     
  0.232699290056553       -97.3720781121350     
  0.236437029389268       -94.8829616414486     
  0.240234806272232       -92.4481707059038     
  0.244093585060396       -90.0668155808164     
  0.248014345598694       -87.7380216510530     
  0.251998083470850       -85.4609274604708     
  0.256045810252179       -83.2346819058862     
  0.260158553766454       -81.0584409884745     
  0.264337358346902       -78.9313645043828     
  0.268583285101381       -76.8526129809738     
  0.272897412181827       -74.8213450750697     
  0.277280835058023       -72.8367155645784     
  0.281734666795768       -70.8978739948060     
  0.286260038339515       -69.0039639912369     
  0.290858098799546       -67.1541232124373     
  0.295530015743761       -65.3474839009232     
  0.300276975494155       -63.5831739781915     
  0.305100183428054       -61.8603186219506     
  0.310000864284195       -60.1780422654651     
  0.314980262473719       -58.5354709517819     
  0.320039642396154       -56.9317349692300     
  0.325180288760488       -55.3659716858508     
  0.330403506911384       -53.8373284825510     
  0.335710623160643       -52.3449656625288     
  0.341102985123986       -50.8880591902636     
  0.346581962063258       -49.4658030813239     
  0.352148945234108       -48.0774112338735     
  0.357805348239274       -46.7221184713556     
  0.363552607387530       -45.3991805520500     
  0.369392182058400       -44.1078729203698     
  0.375325555072739       -42.8474880317924     
  0.381354233069255       -41.6173312046540     
  0.387479746887084       -40.4167151526598     
  0.393703651954516       -39.2449536806558     
  0.400027528683949       -38.1013554142094     
  0.406452982873206       -36.9852191032253     
  0.412981646113286       -35.8958325924090     
  0.419615176202666       -34.8324782124435     
  0.426355257568259       -33.7944480803739     
  0.433203601693142       -32.7810723666585     
  0.440161947551133       -31.7917627252169     
  0.447232062048375       -30.8260702744044     
  0.454415740471990       -29.8837525761215     
  0.461714806945955       -28.9648374172033     
  0.469131114894294       -28.0696641801666     
  0.476666547511709       -27.1988788183768     
  0.484323018241771       -26.3533588949484     
  0.492102471262801       -25.5340546948902     
  0.500006881981539       -24.7417488979517     
  0.508038257534754       -23.9767645972542     
  0.516198637298915       -23.2386855701996     
  0.524490093408032       -22.5261861632410     
  0.532914731279830       -21.8370769793927     
  0.541474690150372       -21.1686161578888     
  0.550172143617262       -20.5180134269448     
  0.559009300191581       -19.8829357318757     
  0.567988403858688       -19.2618137445759     
  0.577111734648022       -18.6538676707133     
  0.586381609212064       -18.0589200136653     
  0.595800381414594       -17.4771328347037     
  0.605370442928400       -16.9087806973352     
  0.615094223842589       -16.3541049762797     
  0.624974193279642       -15.8132447776575     
  0.635012860022398       -15.2862199417782     
  0.645212773151094       -14.7729424105696     
  0.655576522690646       -14.2732399075714     
  0.666106740268320       -13.7868828010819     
  0.676806099781978       -13.3136092936702     
  0.687677318079044       -12.8531463768288     
  0.698723155646386       -12.4052253399366     
  0.709946417311276       -11.9695915999237     
  0.721349952953607       -11.5460093800279     
  0.732936658229554       -11.1342622786498     
  0.744709475306857       -10.7341509905741     
  0.756671393611910       -10.3454894045657     
  0.768825450588865       -9.96810009326582     
  0.781174732470906       -9.60180992532213     
  0.793722375063929       -9.24644624895938     
  0.806471564542815       -8.90183386317505     
  0.819425538260466       -8.56779282737388     
  0.832587585569865       -8.24413705629776     
  0.845961048659327       -7.93067359275872     
  0.859549323401168       -7.62720243287913     
  0.873355860213999       -7.33351677922632     
  0.887384164938893       -7.04940361154716     
  0.901637799729592       -6.77464448076258     
  0.916120383957047       -6.50901645013455     
  0.930835595128455       -6.25229312294601     
  0.945787169821089       -6.00424570768308     
  0.960978904631106       -5.76464408460303     
  0.976414657137601       -5.53325784111885     
  0.992098346882147       -5.30985725088178     
   1.00803395636408       -5.09421417943317     
   1.02422553205174       -4.88610289497958     
   1.04067718540999       -4.68530077146121     
   1.05739309394422       -4.49158887409617     
   1.07437750226114       -4.30475241767799     
   1.09163472314656       -4.12458109597572     
   1.10916913866056       -3.95086928387943     
   1.12698520125017       -3.78341612172332     
   1.14508743488001       -3.62202549787572     
   1.16348043618100       -3.46650595595323     
   1.18216887561759       -3.31667056083647     
   1.20115749867370       -3.17233676529387     
   1.22045112705773       -3.03332632839413     
   1.24005465992692       -2.89946533772462     
   1.25997307513137       -2.77058438601518     
   1.28021143047803       -2.64651894512992     
   1.30077486501506       -2.52710996153777     
   1.32166860033670       -2.41220466772973     
   1.34289794190922       -2.30165756311729     
   1.36446828041811       -2.19533146645565     
   1.38638509313688       -2.09309848638101     
   1.40865394531795       -1.99484070197293     
   1.43128049160574       -1.90045030850199     
   1.45427047747258       -1.80982898541900     
   1.47762974067762       -1.72288629845596     
   1.50136421274919       -1.63953706483692     
   1.52547992049097       -1.55969778906250     
   1.54998298751237       -1.48328249694041     
   1.57487963578344       -1.41019849916575     
   1.60017618721482       -1.34034275063367     
   1.62587906526302       -1.27359946534893     
   1.65199479656154       -1.20983948895873     
   1.67853001257810       -1.14892164068247     
   1.70549145129857       -1.09069585808164     
   1.73288595893794       -1.03500763134191     
   1.76072049167871      -0.981703017083937     
   1.78900211743728      -0.930633466421465     
   1.81773801765869      -0.881659818474687     
   1.84693548914012      -0.834655076454350     
   1.87660194588380      -0.789505861251110     
   1.90674492097959      -0.746112654271615     
   1.93737206851781      -0.704389083082033     
   1.96849116553286      -0.664260600023847     
   2.00011011397799      -0.625662859224845     
   2.03223694273179      -0.588540061558832     
   2.06487980963697      -0.552843391249584     
   2.09804700357184      -0.518529648674408     
   2.13174694655504      -0.485560189828693     
   2.16598819588416      -0.453900067272841     
   2.20077944630863      -0.423517331430625     
   2.23612953223756      -0.394382785411606     
   2.27204742998302      -0.366469096088906     
   2.30854226003935      -0.339752456275645     
   2.34562328939913      -0.314206639308565     
   2.38329993390625      -0.289820615526300     
   2.42158176064691      -0.266551258803694     
   2.46047849037891      -0.244417324245085     
   2.50000000000000      -0.223486278292800     
   2.54015632505591      -0.203827908654560     
   2.58095766228861      -0.185514758257839     
   2.62241437222557      -0.168622222427783     
   2.66453698181052      -0.153228649339813     
   2.70733618707655      -0.139415443855031     
   2.75082285586209      -0.127267174850083     
   2.79500803057057      -0.116871686156696     
   2.83990293097436      -0.108320211229993     
   2.88551895706373      -0.101707491668510     
   2.93186769194166      -9.713189971283498E-002
   2.97896090476507      -9.469556485401043E-002
   3.02681055373330      -9.450450468706073E-002
   3.07542878912465      -9.450450468706073E-002
   3.12482795638160      -9.450450468706073E-002
   3.17502059924570      -9.450450468706073E-002
   3.22601946294270      -9.450450468706073E-002
   3.27783749741895      -9.450450468706073E-002
   3.33048786062966      -9.450450468706073E-002
   3.38398392188014      -9.450450468706073E-002
   3.43833926522053      -9.450450468706073E-002
   3.49356769289520      -9.450450468706073E-002
   3.54968322884749      -9.450450468706073E-002
   3.60670012228073      -9.450450468706073E-002
   3.66463285127652      -9.450450468706073E-002
   3.72349612647109      -9.450450468706073E-002
   3.78330489479067      -9.450450468706073E-002
   3.84407434324700      -9.450450468706073E-002
   3.90581990279360      -9.450450468706073E-002
   3.96855725224416      -9.450450468706073E-002
   4.03230232225380      -9.450450468706073E-002
   4.09707129936425      -9.450450468706073E-002
   4.16288063011404      -9.450450468706073E-002
   4.22974702521476      -9.450450468706073E-002
   4.29768746379428      -9.450450468706073E-002
   4.36671919770820      -9.450450468706073E-002
   4.43685975592061      -9.450450468706073E-002
   4.50812694895510      -9.450450468706073E-002
   4.58053887341731      -9.450450468706073E-002
   4.65411391659018      -9.450450468706073E-002
   4.72887076110291      -9.450450468706073E-002
   4.80482838967499      -9.450450468706073E-002
   4.88200608993645      -9.450450468706073E-002
   4.96042345932540      -9.450450468706073E-002
   5.04010041006445      -9.450450468706073E-002
   5.12105717421683      -9.450450468706073E-002
   5.20331430882392      -9.450450468706073E-002
   5.28689270112520      -9.450450468706073E-002
   5.37181357386203      -9.450450468706073E-002
   5.45809849066672      -9.450450468706073E-002
   5.54576936153807      -9.450450468706073E-002
   5.63484844840487      -9.450450468706073E-002
   5.72535837077883      -9.450450468706073E-002
   5.81732211149826      -9.450450468706073E-002
   5.91076302256396      -9.450450468706073E-002
   6.00570483106895      -9.450450468706073E-002
   6.10217164522345      -9.450450468706073E-002
   6.20018796047645      -9.450450468706073E-002
   6.29977866573590      -9.450450468706073E-002
   6.40096904968853      -9.450450468706073E-002
   6.50378480722135      -9.450450468706073E-002
   6.60825204594634      -9.450450468706073E-002
   6.71439729282969      -9.450450468706073E-002
   6.82224750092783      -9.450450468706073E-002
   6.93183005623147      -9.450450468706073E-002
   7.04317278461961      -9.450450468706073E-002
   7.15630395892524      -9.450450468706073E-002
   7.27125230611464      -9.450450468706073E-002
   7.38804701458178      -9.450450468706073E-002
   7.50671774156012      -9.450450468706073E-002
   7.62729462065333      -9.450450468706073E-002
   7.74980826948697      -9.450450468706073E-002
   7.87428979748316      -9.450450468706073E-002
   8.00077081376002      -9.450450468706073E-002
   8.12928343515808      -9.450450468706073E-002
   8.25986029439560      -9.450450468706073E-002
   8.39253454835486      -9.450450468706073E-002
   8.52733988650151      -9.450450468706073E-002
   8.66431053943934      -9.450450468706073E-002
   8.80348128760216      -9.450450468706073E-002
   8.94488747008556      -9.450450468706073E-002
   9.08856499362047      -9.450450468706073E-002
   9.23455034169070      -9.450450468706073E-002
   9.38288058379711      -9.450450468706073E-002
   9.53359338487060      -9.450450468706073E-002
   9.68672701483609      -9.450450468706073E-002
   9.84232035833031      -9.450450468706073E-002
   10.0004129245757      -9.450450468706073E-002
   10.1610448574127      -9.450450468706073E-002
   10.3242569454935      -9.450450468706073E-002
   10.4900906326391      -9.450450468706073E-002
   10.6585880283631      -9.450450468706073E-002
   10.8297919185647      -9.450450468706073E-002
   11.0037457763926      -9.450450468706073E-002
   11.1804937732843      -9.450450468706073E-002
   11.3600807901826      -9.450450468706073E-002
   11.5425524289313      -9.450450468706073E-002
   11.7279550238557      -9.450450468706073E-002
   11.9163356535273      -9.450450468706073E-002
   12.1077421527187      -9.450450468706073E-002
   12.3022231245497      -9.450450468706073E-002
   12.4998279528296      -9.450450468706073E-002
   12.7006068145963      -9.450450468706073E-002
   12.9046106928580      -9.450450468706073E-002
   13.1118913895389      -9.450450468706073E-002
   13.3225015386333      -9.450450468706073E-002
   13.5364946195706      -9.450450468706073E-002
   13.7539249707950      -9.450450468706073E-002
   13.9748478035637      -9.450450468706073E-002
   14.1993192159664      -9.450450468706073E-002
   14.4273962071700      -9.450450468706073E-002
   14.6591366918922      -9.450450468706073E-002
   14.8945995151076      -9.450450468706073E-002
   15.1338444669901      -9.450450468706073E-002
   15.3769322980949      -9.450450468706073E-002
   15.6239247347849      -9.450450468706073E-002
   15.8748844949045      -9.450450468706073E-002
   16.1298753037054      -9.450450468706073E-002
   16.3889619100282      -9.450450468706073E-002
   16.6522101027433      -9.450450468706073E-002
   16.9196867274573      -9.450450468706073E-002
   17.1914597034861      -9.450450468706073E-002
   17.4675980411015      -9.450450468706073E-002
   17.7481718590553      -9.450450468706073E-002
   18.0332524023835      -9.450450468706073E-002
   18.3229120604976      -9.450450468706073E-002
   18.6172243855664      -9.450450468706073E-002
   18.9162641111926      -9.450450468706073E-002
   19.2201071713896      -9.450450468706073E-002
   19.5288307198631      -9.450450468706073E-002
   19.8425131496025      -9.450450468706073E-002
   20.1612341127871      -9.450450468706073E-002
   20.4850745410117      -9.450450468706073E-002
   20.8141166658370      -9.450450468706073E-002
   21.1484440396709      -9.450450468706073E-002
   21.4881415569844      -9.450450468706073E-002
   21.8332954758682      -9.450450468706073E-002
   22.1839934399365      -9.450450468706073E-002
   22.5403245005814      -9.450450468706073E-002
   22.9023791395857      -9.450450468706073E-002
   23.2702492920989      -9.450450468706073E-002
