  5.000000000000000E-005  -500309.068287900     
  5.069629442438161E-005  -493446.488512856     
  5.140228536727172E-005  -486678.132189102     
  5.211810786130579E-005  -480002.675405611     
  5.284389881956872E-005  -473418.808888791     
  5.357979706178175E-005  -466925.238478555     
  5.432594334085408E-005  -460520.122084486     
  5.508248036980424E-005  -454207.346840451     
  5.584955284905632E-005  -447977.398953477     
  5.662730749411640E-005  -441835.126696331     
  5.741589306363432E-005  -435776.365414097     
  5.821546038785630E-005  -429801.164644991     
  5.902616239747376E-005  -423907.922429002     
  5.984815415287385E-005  -418095.666695653     
  6.068159287379739E-005  -412363.224287163     
  6.152663796940978E-005  -406709.511736467     
  6.238345106879069E-005  -401133.435929599     
  6.325219605184834E-005  -395633.926077476     
  6.413303908066422E-005  -390209.924205666     
  6.502614863127451E-005  -384860.387079401     
  6.593169552589383E-005  -379584.285769143     
  6.684985296558794E-005  -374380.605407288     
  6.778079656340134E-005  -369248.345081695     
  6.872470437794615E-005  -364186.517499546     
  6.968175694745891E-005  -359194.149009079     
  7.065213732433150E-005  -354270.279377452     
  7.163603111012303E-005  -349413.961466842     
  7.263362649105914E-005  -344624.261226943     
  7.364511427402596E-005  -339900.257434506     
  7.467068792306498E-005  -335241.041698809     
  7.571054359637636E-005  -330645.718023984     
  7.676488018383750E-005  -326113.402829759     
  7.783389934504407E-005  -321643.224840168     
  7.891780554788074E-005  -317234.324770734     
  8.001680610762916E-005  -312885.855280444     
  8.113111122662049E-005  -308596.980740786     
  8.226093403444010E-005  -304366.877227076     
  8.340649062869217E-005  -300194.732260762     
  8.456800011633208E-005  -296079.744651776     
  8.574568465557418E-005  -292021.124304560     
  8.693976949838338E-005  -288018.092322417     
  8.815048303355832E-005  -284069.880700677     
  8.937805683041456E-005  -280175.731972320     
  9.062272568307614E-005  -276334.899519599     
  9.188472765538396E-005  -272546.647078054     
  9.316430412642929E-005  -268810.248743280     
  9.446169983672179E-005  -265124.988865108     
  9.577716293500016E-005  -261490.161802107     
  9.711094502569474E-005  -257905.071944086     
  9.846330121705115E-005  -254369.033386855     
  9.983449016992393E-005  -250881.369934120     
  1.012247741472499E-004  -247441.415017625     
  1.026344190642103E-004  -244048.511475274     
  1.040636945390914E-004  -240702.011330913     
  1.055128739448538E-004  -237401.275859634     
  1.069822344614194E-004  -234145.675500669     
  1.084720571286868E-004  -230934.589357762     
  1.099826269002850E-004  -227767.405559533     
  1.115142326980752E-004  -224643.520914594     
  1.130671674674125E-004  -221562.340471120     
  1.146417282331761E-004  -218523.278129632     
  1.162382161565807E-004  -215525.755980441     
  1.178569365927786E-004  -212569.204070336     
  1.194981991492635E-004  -209653.060819908     
  1.211623177450890E-004  -206776.772598636     
  1.228496106709102E-004  -203939.793400481     
  1.245604006498623E-004  -201141.585032568     
  1.262950148992871E-004  -198381.617117426     
  1.280537851933184E-004  -195659.366710132     
  1.298370479263398E-004  -192974.317991807     
  1.316451441773253E-004  -190325.962680670     
  1.334784197750770E-004  -187713.799745578     
  1.353372253643701E-004  -185137.334912154     
  1.372219164730198E-004  -182596.081171563     
  1.391328535798823E-004  -180089.558274093     
  1.410704021838018E-004  -177617.292545027     
  1.430349328735189E-004  -175178.817165747     
  1.450268213985514E-004  -172773.671816442     
  1.470464487410634E-004  -170401.402572211     
  1.490942011887338E-004  -168061.561828022     
  1.511704704086406E-004  -165753.708305506     
  1.532756535221743E-004  -163477.406810208     
  1.554101531809930E-004  -161232.228185362     
  1.575743776440374E-004  -159017.749292778     
  1.597687408556163E-004  -156833.552822822     
  1.619936625245810E-004  -154679.227197439     
  1.642495682046014E-004  -152554.366574177     
  1.665368893755604E-004  -150458.570739506     
  1.688560635260816E-004  -148391.444875918     
  1.712075342372064E-004  -146352.599638952     
  1.735917512672362E-004  -144341.651074806     
  1.760091706377565E-004  -142358.220447492     
  1.784602547208585E-004  -140401.934158572     
  1.809454723275756E-004  -138472.423737162     
  1.834652987975514E-004  -136569.325761752     
  1.860202160899562E-004  -134692.281691032     
  1.886107128756701E-004  -132840.937886657     
  1.912372846307495E-004  -131014.945536470     
  1.939004337311949E-004  -129213.960463484     
  1.966006695490390E-004  -127437.643219244     
  1.993385085497728E-004  -125685.658917701     
  2.021144743911278E-004  -123957.677147811     
  2.049290980232351E-004  -122253.372031869     
  2.077829177901777E-004  -120572.422001595     
  2.106764795329585E-004  -118914.509819952     
  2.136103366939014E-004  -117279.322555252     
  2.165850504225062E-004  -115666.551424187     
  2.196011896827783E-004  -114075.891797000     
  2.226593313620520E-004  -112507.043135828     
  2.257600603813307E-004  -110959.708912474     
  2.289039698071622E-004  -109433.596562536     
  2.320916609650730E-004  -107928.417440942     
  2.353237435545820E-004  -106443.886761367     
  2.386008357658153E-004  -104979.723528943     
  2.419235643977458E-004  -103535.650507299     
  2.452925649780793E-004  -102111.394171296     
  2.487084818848093E-004  -100706.684633761     
  2.521719684694655E-004  -99321.2556100094     
  2.556836871820779E-004  -97954.8443772425     
  2.592443096978822E-004  -96607.1917220160     
  2.628545170457880E-004  -95278.0418762498     
  2.665149997386381E-004  -93967.1424935911     
  2.702264579052797E-004  -92674.2446119141     
  2.739896014244765E-004  -91399.1025707148     
  2.778051500606845E-004  -90141.4740037210     
  2.816738336017195E-004  -88901.1197932840     
  2.855963919983410E-004  -87677.8040014786     
  2.895735755057799E-004  -86471.2938547813     
  2.936061448272383E-004  -85281.3597005892     
  2.976948712593860E-004  -84107.7749535652     
  3.018405368398842E-004  -82950.3160672274     
  3.060439344969635E-004  -81808.7624923454     
  3.103058682010844E-004  -80682.8966379744     
  3.146271531187106E-004  -79572.5038333195     
  3.190086157682229E-004  -78477.3722908921     
  3.234510941780051E-004  -77397.2930698385     
  3.279554380467306E-004  -76332.0600392147     
  3.325225089058819E-004  -75281.4698415660     
  3.371531802845329E-004  -74245.3218584198     
  3.418483378764259E-004  -73223.4181758067     
  3.466088797093754E-004  -72215.5635452924     
  3.514357163170312E-004  -71221.5653584012     
  3.563297709130334E-004  -70241.2336064074     
  3.612919795675918E-004  -69274.3808406287     
  3.663232913865260E-004  -68320.8221566022     
  3.714246686927971E-004  -67380.3751534324     
  3.765970872105688E-004  -66452.8598913382     
  3.818415362518301E-004  -65538.0988739935     
  3.871590189056192E-004  -64635.9170124496     
  3.925505522298800E-004  -63746.1415893157     
  3.980171674459918E-004  -62868.6022356948     
  4.035599101360079E-004  -62003.1309004333     
  4.091798404426408E-004  -61149.5618097844     
  4.148780332720320E-004  -60307.7314488337     
  4.206555784993465E-004  -59477.4785304051     
  4.265135811772288E-004  -58658.6439542332     
  4.324531617471636E-004  -57851.0708032859     
  4.384754562537785E-004  -57054.6042889588     
  4.445816165621324E-004  -56269.0917309080     
  4.507728105780279E-004  -55494.3825436758     
  4.570502224713939E-004  -54730.3281935403     
  4.634150529027780E-004  -53976.7821727464     
  4.698685192529923E-004  -53233.5999725964     
  4.764118558559584E-004  -52500.6390785902     
  4.830463142347943E-004  -51777.7589023852     
  4.897731633411898E-004  -51064.8207888785     
  4.965936897981140E-004  -50361.6879971880     
  5.035091981459043E-004  -49668.2256252411     
  5.105210110917812E-004  -48984.3006503686     
  5.176304697628387E-004  -48309.7818641399     
  5.248389339625566E-004  -47644.5398427682     
  5.321477824308870E-004  -46988.4469569927     
  5.395584131079602E-004  -46341.3773192004     
  5.470722434014653E-004  -45703.2067728060     
  5.546907104577530E-004  -45073.8128562895     
  5.624152714367132E-004  -44453.0748004738     
  5.702474037904822E-004  -43840.8734962526     
  5.781886055460303E-004  -43237.0914593193     
  5.862403955916837E-004  -42641.6128239929     
  5.944043139676388E-004  -42054.3233225523     
  6.026819221605196E-004  -41475.1102567291     
  6.110748034020390E-004  -40903.8624680210     
  6.195845629718176E-004  -40340.4703390938     
  6.282128285044214E-004  -39784.8257535131     
  6.369612503006740E-004  -39236.8220800127     
  6.458315016433038E-004  -38696.3541615733     
  6.548252791169885E-004  -38163.3182836400     
  6.639443029328542E-004  -37637.6121550398     
  6.731903172574959E-004  -37119.1349009510     
  6.825650905465776E-004  -36607.7870316749     
  6.920704158830799E-004  -36103.4704204308     
  7.017081113202565E-004  -35606.0883000281     
  7.114800202293695E-004  -35115.5452336182     
  7.213880116522619E-004  -34631.7470986166     
  7.314339806588461E-004  -34154.6010626446     
  7.416198487095662E-004  -33684.0155773365     
  7.519475640229103E-004  -33219.9003585959     
  7.624191019480397E-004  -32762.1663577395     
  7.730364653426088E-004  -32310.7257558090     
  7.838016849558433E-004  -31865.4919462531     
  7.947168198169567E-004  -31426.3795118460     
  8.057839576289734E-004  -30993.3042127706     
  8.170052151680373E-004  -30566.1829707094     
  8.283827386882811E-004  -30144.9338516779     
  8.399187043323334E-004  -29729.4760519703     
  8.516153185475421E-004  -29319.7298745702     
  8.634748185079947E-004  -28915.6167265680     
  8.754994725424155E-004  -28517.0591000675     
  8.876915805680218E-004  -28123.9805476019     
  9.000534745304223E-004  -27736.3056782313     
  9.125875188496384E-004  -27353.9601412771     
  9.252961108723435E-004  -26976.8706102870     
  9.381816813303914E-004  -26604.9647650922     
  9.512466948057379E-004  -26238.1712856801     
  9.644936502018314E-004  -25876.4198344150     
  9.779250812215713E-004  -25519.6410407594     
  9.915435568519212E-004  -25167.7664908490     
  1.005351681855271E-003  -24820.7287143598     
  1.019352097267641E-003  -24478.4611696821     
  1.033547480903825E-003  -24140.8982287837     
  1.047940547869564E-003  -23807.9751732590     
  1.062534051080864E-003  -23479.6281730658     
  1.077330781790528E-003  -23155.7942774585     
  1.092333570122037E-003  -22836.4114040349     
  1.107545285610853E-003  -22521.4183226356     
  1.122968837753273E-003  -22210.7546509496     
  1.138607176562911E-003  -21904.3608355230     
  1.154463293134944E-003  -21602.1781442079     
  1.170540220218205E-003  -21304.1486502201     
  1.186841032795252E-003  -21010.2152284549     
  1.203368848670505E-003  -20720.3215479963     
  1.220126829066581E-003  -20434.4120332915     
  1.237118179228931E-003  -20152.4318897803     
  1.254346149038895E-003  -19874.3270825133     
  1.271814033635302E-003  -19600.0443005869     
  1.289525174044712E-003  -19329.5309838021     
  1.307482957820454E-003  -19062.7352936195     
  1.325690819690541E-003  -18799.6060988924     
  1.344152242214629E-003  -18540.0929780101     
  1.362870756450111E-003  -18284.1461976055     
  1.381849942627490E-003  -18031.7167165502     
  1.401093430835161E-003  -17782.7561685330     
  1.420604901713725E-003  -17537.2168451278     
  1.440388087159974E-003  -17295.0516997564     
  1.460446771040678E-003  -17056.2143365862     
  1.480784789916313E-003  -16820.6589957327     
  1.501406033774870E-003  -16588.3405431116     
  1.522314446775876E-003  -16359.2144724529     
  1.543514028004789E-003  -16133.2368886885     
  1.565008832237879E-003  -15910.3644967067     
  1.586802970717783E-003  -15690.5546025148     
  1.608900611939843E-003  -15473.7650978847     
  1.631305982449400E-003  -15259.9544530311     
  1.654023367650197E-003  -15049.0817109328     
  1.677057112624032E-003  -14841.1064782561     
  1.700411622961824E-003  -14635.9889175721     
  1.724091365606265E-003  -14433.6897399340     
  1.748100869706187E-003  -14234.1701955318     
  1.772444727482849E-003  -14037.3920698132     
  1.797127595108266E-003  -13843.3176741556     
  1.822154193595790E-003  -13651.9098361707     
  1.847529309703076E-003  -13463.1318977654     
  1.873257796847634E-003  -13276.9477039112     
  1.899344576035122E-003  -13093.3215967312     
  1.925794636800576E-003  -12912.2184107033     
  1.952613038162741E-003  -12733.6034620177     
  1.979804909591691E-003  -12557.4425451482     
  2.007375451989932E-003  -12383.7019263822     
  2.035329938687154E-003  -12212.3483336898     
  2.063673716448850E-003  -12043.3489542827     
  2.092412206498975E-003  -11876.6714272259     
  2.121550905556840E-003  -11712.2838356278     
  2.151095386888458E-003  -11550.1547026437     
  2.181051301372527E-003  -11390.2529837980     
  2.211424378581246E-003  -11232.5480618859     
  2.242220427876200E-003  -11077.0097417587     
  2.273445339519495E-003  -10923.6082422588     
  2.305105085800371E-003  -10772.3141925754     
  2.337205722177500E-003  -10623.0986261848     
  2.369753388437200E-003  -10475.9329746741     
  2.402754309867765E-003  -10330.7890628552     
  2.436214798450161E-003  -10187.6391027791     
  2.470141254065297E-003  -10046.4556889482     
  2.504540165718111E-003  -9907.21179276457     
  2.539418112778697E-003  -9769.88075778213     
  2.574781766240725E-003  -9634.43629353624     
  2.610637889997383E-003  -9500.85247153517     
  2.646993342135074E-003  -9369.10372016889     
  2.683855076245152E-003  -9239.16481904517     
  2.721230142753907E-003  -9111.01089524685     
  2.759125690271082E-003  -8984.61741724221     
  2.797548966957157E-003  -8859.96019139192     
  2.836507321909695E-003  -8737.01535695842     
  2.876008206568960E-003  -8615.75938079155     
  2.916059176143153E-003  -8496.16905421255     
  2.956667891053461E-003  -8378.22148690629     
  2.997842118399233E-003  -8261.89410353117     
  3.039589733443589E-003  -8147.16464020113     
  3.081918721119675E-003  -8034.01113801746     
  3.124837177557935E-003  -7922.41194035974     
  3.168353311634613E-003  -7812.34568923749     
  3.212475446541856E-003  -7703.79131946699     
  3.257212021379655E-003  -7596.72805577886     
  3.302571592769962E-003  -7491.13540916454     
  3.348562836493300E-003  -7386.99317172706     
  3.395194549148133E-003  -7284.28141385012     
  3.442475649833386E-003  -7182.98048023137     
  3.490415181854356E-003  -7083.07098513004     
  3.539022314452397E-003  -6984.53381000644     
  3.588306344558705E-003  -6887.35009941002     
  3.638276698572492E-003  -6791.50125680104     
  3.688942934163964E-003  -6696.96894154556     
  3.740314742102368E-003  -6603.73506507410     
  3.792401948109532E-003  -6511.78178805923     
  3.845214514739186E-003  -6421.09151624398     
  3.898762543282467E-003  -6331.64689714895     
  3.953056275699978E-003  -6243.43081726929     
  4.008106096580709E-003  -6156.42639845677     
  4.063922535128293E-003  -6070.61699454765     
  4.120516267174862E-003  -5985.98618844702     
  4.177898117223013E-003  -5902.51778882564     
  4.236079060516150E-003  -5820.19582696148     
  4.295070225137691E-003  -5739.00455401047     
  4.354882894139510E-003  -5658.92843764619     
  4.415528507699992E-003  -5579.95215912646     
  4.477018665312181E-003  -5502.06061033752     
  4.539365128002368E-003  -5425.23889129682     
  4.602579820579574E-003  -5349.47230672897     
  4.666674833916393E-003  -5274.74636371697     
  4.731662427261551E-003  -5201.04676839611     
  4.797555030584716E-003  -5128.35942380975     
  4.864365246953916E-003  -5056.67042692940     
  4.932105854946108E-003  -4985.96606591764     
  5.000789811091288E-003  -4916.23281758566     
  5.070430252350630E-003  -4847.45734462286     
  5.141040498629184E-003  -4779.62649384147     
  5.212634055323494E-003  -4712.72729234308     
  5.285224615904765E-003  -4646.74694590266     
  5.358826064537941E-003  -4581.67283664431     
  5.433452478737311E-003  -4517.49252013412     
  5.509118132059058E-003  -4454.19372295499     
  5.585837496831303E-003  -4391.76434104486     
  5.663625246922213E-003  -4330.19243670782     
  5.742496260546588E-003  -4269.46623620637     
  5.822465623111603E-003  -4209.57412859854     
  5.903548630102129E-003  -4150.50466215879     
  5.985760790006243E-003  -4092.24654279485     
  6.069117827281514E-003  -4034.78863235524     
  6.153635685362534E-003  -3978.11994550386     
  6.239330529710410E-003  -3922.22964842445     
  6.326218750904633E-003  -3867.10705651171     
  6.414316967778098E-003  -3812.74163188907     
  6.503642030595705E-003  -3759.12298221627     
  6.594211024277256E-003  -3706.24085805757     
  6.686041271665259E-003  -3654.08515102390     
  6.779150336838173E-003  -3602.64589215556     
  6.873556028469873E-003  -3551.91324966400     
  6.969276403235840E-003  -3501.87752715382     
  7.066329769266785E-003  -3452.52916181004     
  7.164734689650435E-003  -3403.85872269192     
  7.264509985981974E-003  -3355.85690855440     
  7.365674741964053E-003  -3308.51454638722     
  7.468248307056810E-003  -3261.82258967902     
  7.572250300178829E-003  -3215.77211643676     
  7.677700613459561E-003  -3170.35432763403     
  7.784619416044021E-003  -3125.56054556417     
  7.893027157950511E-003  -3081.38221209988     
  8.002944573981980E-003  -3037.81088708059     
  8.114392687691957E-003  -2994.83824666023     
  8.227392815405609E-003  -2952.45608176513     
  8.341966570296892E-003  -2910.65629655309     
  8.458135866522406E-003  -2869.43090674467     
  8.575922923412835E-003  -2828.77203820016     
  8.695350269722815E-003  -2788.67192533786     
  8.816440747939875E-003  -2749.12290973243     
  8.939217518653500E-003  -2710.11743857522     
  9.063704064984961E-003  -2671.64806321544     
  9.189924197078835E-003  -2633.70743783431     
  9.317902056657152E-003  -2596.28831793001     
  9.447662121636835E-003  -2559.38355894503     
  9.579229210811580E-003  -2522.98611496607     
  9.712628488598808E-003  -2487.08903733122     
  9.847885469852829E-003  -2451.68547323701     
  9.985026024744978E-003  -2416.76866453449     
  1.012407638371168E-002  -2382.33194637134     
  1.026506314247152E-002  -2348.36874588537     
  1.040801326711208E-002  -2314.87258103392     
  1.055295409924768E-002  -2281.83705923791     
  1.069991336124891E-002  -2249.25587626869     
  1.084891916154498E-002  -2217.12281493759     
  1.099999999999999E-002  -2185.43174392409     
  1.115318477336395E-002  -2154.17661671299     
  1.130850278079977E-002  -2123.35147024448     
  1.146598372948727E-002  -2092.95042385762     
  1.162565774030511E-002  -2062.96767823870     
  1.178755535359198E-002  -2033.39751417126     
  1.195170753498789E-002  -2004.23429150195     
  1.211814568135693E-002  -1975.47244804161     
  1.228690162679238E-002  -1947.10649851769     
  1.245800764870560E-002  -1919.13103348866     
  1.263149647399954E-002  -1891.54071828037     
  1.280740128532837E-002  -1864.33029206071     
  1.298575572744422E-002  -1837.49456665940     
  1.316659391363223E-002  -1811.02842568887     
  1.334995043223542E-002  -1784.92682361967     
  1.353586035327014E-002  -1759.18478456172     
  1.372435923513394E-002  -1733.79740151364     
  1.391548313140663E-002  -1708.75983541661     
  1.410926859774612E-002  -1684.06731403963     
  1.430575269888039E-002  -1659.71513125438     
  1.450497301569663E-002  -1635.69864600058     
  1.470696765242934E-002  -1612.01328141317     
  1.491177524394828E-002  -1588.65452398058     
  1.511943496314814E-002  -1565.61792259605     
  1.532998652844095E-002  -1542.89908774861     
  1.554347021135292E-002  -1520.49369063434     
  1.575992684422706E-002  -1498.39746234673     
  1.597939782803300E-002  -1476.60619299723     
  1.620192514028571E-002  -1455.11573095469     
  1.642755134307428E-002  -1433.92198199922     
  1.665631959120278E-002  -1413.02090850434     
  1.688827364044425E-002  -1392.40852870184     
  1.712345785590968E-002  -1372.08091585815     
  1.736191722053376E-002  -1352.03419752098     
  1.760369734367840E-002  -1332.26455476537     
  1.784884446985649E-002  -1312.76822143509     
  1.809740548757681E-002  -1293.54148341263     
  1.834942793831226E-002  -1274.58067788658     
  1.860496002559305E-002  -1255.88219261574     
  1.886405062422630E-002  -1237.44246524505     
  1.912674928964434E-002  -1219.25798259567     
  1.939310626738281E-002  -1201.32527994981     
  1.966317250269118E-002  -1183.64094039859     
  1.993699965027675E-002  -1166.20159414068     
  2.021464008418445E-002  -1149.00391783117     
  2.049614690781443E-002  -1132.04463394355     
  2.078157396407878E-002  -1115.32051006019     
  2.107097584570003E-002  -1098.82835827297     
  2.136440790565283E-002  -1082.56503457137     
  2.166192626775123E-002  -1066.52743818814     
  2.196358783738326E-002  -1050.71251095055     
  2.226945031239496E-002  -1035.11723673865     
  2.257957219412625E-002  -1019.73864088619     
  2.289401279860008E-002  -1004.57378947418     
  2.321283226786780E-002  -989.619788885851     
  2.353609158151225E-002  -974.873785192450     
  2.386385256831108E-002  -960.332963499444     
  2.419617791806269E-002  -945.994547488544     
  2.453313119357653E-002  -931.855798823827     
  2.487477684283074E-002  -917.914016603159     
  2.522118021129872E-002  -904.166536813534     
  2.557240755444773E-002  -890.610731796303     
  2.592852605041127E-002  -877.244009762916     
  2.628960381283795E-002  -864.063814230711     
  2.665570990391958E-002  -851.067623519724     
  2.702691434760023E-002  -838.252950278862     
  2.740328814296968E-002  -825.617340959295     
  2.778490327784314E-002  -813.158375341441     
  2.817183274253002E-002  -800.873666073518     
  2.856415054379473E-002  -788.760858130594     
  2.896193171901155E-002  -776.817628421052     
  2.936525235051693E-002  -765.041685316882     
  2.977418958016140E-002  -753.430768143964     
  3.018882162406433E-002  -741.982646803765     
  3.060922778757409E-002  -730.695121295074     
  3.103548848043636E-002  -719.566021307586     
  3.146768523217413E-002  -708.593205779135     
  3.190590070768129E-002  -697.774562486656     
  3.235021872303394E-002  -687.108007642254     
  3.280072426152141E-002  -676.591485479615     
  3.325750348990091E-002  -666.222967873498     
  3.372064377487832E-002  -656.000453932758     
  3.419023369981844E-002  -645.921969634044     
  3.466636308168821E-002  -635.985567449417     
  3.514912298823555E-002  -626.189325966163     
  3.563860575540777E-002  -616.531349534513     
  3.613490500501229E-002  -607.009767919481     
  3.663811566262325E-002  -597.622735945375     
  3.714833397573794E-002  -588.368433159345     
  3.766565753218537E-002  -579.245063507169     
  3.819018527879194E-002  -570.250854994514     
  3.872201754030640E-002  -561.384059363065     
  3.926125603858883E-002  -552.642951799330     
  3.980800391206661E-002  -544.025830611428     
  4.036236573546126E-002  -535.531016917559     
  4.092444753979034E-002  -527.156854368755     
  4.149435683264740E-002  -518.901708847893     
  4.207220261876489E-002  -510.763968178494     
  4.265809542086286E-002  -502.742041850194     
  4.325214730078854E-002  -494.834360734728     
  4.385447188094999E-002  -487.039376812518     
  4.446518436604809E-002  -479.355562901141     
  4.508440156511170E-002  -471.781412377660     
  4.571224191383905E-002  -464.315438919969     
  4.634882549725083E-002  -456.956176234094     
  4.699427407265829E-002  -449.702177781817     
  4.764871109295134E-002  -442.552016518121     
  4.831226173021120E-002  -435.504284620107     
  4.898505289965140E-002  -428.557593210426     
  4.966721328389274E-002  -421.710572084434     
  5.035887335757565E-002  -414.961869434404     
  5.106016541231602E-002  -408.310151553803     
  5.177122358200801E-002  -401.754102558788     
  5.249218386847931E-002  -395.292424090397     
  5.322318416750407E-002  -388.923835004378     
  5.396436429517742E-002  -382.647071072611     
  5.471586601465799E-002  -376.460884657968     
  5.547783306328237E-002  -370.364044401346     
  5.625041118005709E-002  -364.355334887246     
  5.703374813353405E-002  -358.433556313394     
  5.782799375007332E-002  -352.597524163877     
  5.863329994250037E-002  -346.846068860759     
  5.944982073916150E-002  -341.178035450475     
  6.027771231338476E-002  -335.592283272555     
  6.111713301335055E-002  -330.087685651226     
  6.196824339237824E-002  -324.663129611876     
  6.283120623963498E-002  -319.317515618041     
  6.370618661127153E-002  -314.049757351512     
  6.459335186199242E-002  -308.858781534899     
  6.549287167706488E-002  -303.743527824058     
  6.640491810477447E-002  -298.702948763126     
  6.732966558933194E-002  -293.736009833140     
  6.826729100423851E-002  -288.841689612903     
  6.921797368611630E-002  -284.018980045038     
  7.018189546900901E-002  -279.266886840849     
  7.115924071916105E-002  -274.584430043373     
  7.215019637028069E-002  -269.970644738444     
  7.315495195929396E-002  -265.424581939708     
  7.417369966259721E-002  -260.945309637226     
  7.520663433281363E-002  -256.531914010640     
  7.625395353606255E-002  -252.183500792134     
  7.731585758974684E-002  -247.899196742167     
  7.839254960086726E-002  -243.678151202377     
  7.948423550487016E-002  -239.519537667296     
  8.059112410503563E-002  -235.422555309531     
  8.171342711241532E-002  -231.386430353100     
  8.285135918632505E-002  -227.410417213226     
  8.400513797540254E-002  -223.493799271568     
  8.517498415923619E-002  -219.635889179574     
  8.636112149057353E-002  -215.836028581792     
  8.756377683811815E-002  -212.093587148874     
  8.878318022992165E-002  -208.407960826448     
  9.001956489738094E-002  -204.778569277070     
  9.127316731984700E-002  -201.204852494986     
  9.254422726985614E-002  -197.686266615238     
  9.383298785899030E-002  -194.222279047932     
  9.513969558437591E-002  -190.812363048398     
  9.646460037583125E-002  -187.455991919452     
  9.780795564366904E-002  -184.152633086968     
  9.917001832716610E-002  -180.901742275322     
  0.100551048943707       -177.702758049232     
  0.101951311638611       -174.555096956058     
  0.103371074235658       -171.458149486330     
  0.104810608288311       -168.411277034622     
  0.106270189131655       -165.413809992824     
  0.107750095935062       -162.465047073185     
  0.109250611755585       -159.564255902794     
  0.110772023592099       -156.710674896465     
  0.112314622440192       -153.903516376416     
  0.113878703347824       -151.141970846508     
  0.115464565471762       -148.425212295465     
  0.117072512134795       -145.752404335599     
  0.118702850883751       -143.122706935302     
  0.120355893548322       -140.535283432622     
  0.122031956300706       -137.989307490784     
  0.123731359716077       -135.483969638231     
  0.125454428833906       -133.018483030030     
  0.127201493220127       -130.592088178070     
  0.128972887030170       -128.204056403359     
  0.130768949072880       -125.853691951770     
  0.132590022875314       -123.540332784343     
  0.134436456748449       -121.263350142246     
  0.136308603853800       -119.022147142532     
  0.138206822270973       -116.816156620952     
  0.140131475066148       -114.644838485868     
  0.142082930361527       -112.507676881420     
  0.144061561405737       -110.404177332494     
  0.146067746645228       -108.333864039909     
  0.148101869796649       -106.296277463684     
  0.150164319920247       -104.290972211358     
  0.152255491494277       -102.317515270873     
  0.154375784490456       -100.375484551452     
  0.156525604450461       -98.4644677039584     
  0.158705362563498       -96.5840611623451     
  0.160915475744946       -94.7338693547241     
  0.163156366716104       -92.9135040409287     
  0.165428464085040       -91.1225837261049     
  0.167732202428569       -89.3607331307961     
  0.170068022375374       -87.6275826881018     
  0.172436370690285       -85.9227680562620     
  0.174837700359730       -84.2459296382255     
  0.177272470678374       -82.5967121147662     
  0.179741147336968       -80.9747639826405     
  0.182244202511422       -79.3797371098724     
  0.184782114953113       -77.8112863140640     
  0.187355370080459       -76.2690689600915     
  0.189964460071759       -74.7527445930720     
  0.192609883959331       -73.2619746054126     
  0.195292147724965       -71.7964219393580     
  0.198011764396693       -70.3557508299375     
  0.200769254146920       -68.9396265884734     
  0.203565144391916       -67.5477154269937     
  0.206399969892686       -66.1796843226625     
  0.209274272857262       -64.8352009231418     
  0.212188603044403       -63.5139334911159     
  0.215143517868746       -62.2155508854608     
  0.218139582507422       -60.9397225817221     
  0.221177370008160       -59.6861187283219     
  0.224257461398881       -58.4544102365167     
  0.227380445798841       -57.2442689082868     
  0.230546920531304       -56.0553675960085     
  0.233757491237790       -54.8873803944034     
  0.237012771993916       -53.7399828692648     
  0.240313385426848       -52.6128523163923     
  0.243659962834388       -51.5056680494529     
  0.247053144305720       -50.4181117241769     
  0.250493578843840       -49.3498676853368     
  0.253981924489687       -48.3006233442928     
  0.257518848448005       -47.2700695803352     
  0.261105027214955       -46.2579011570376     
  0.264741146707511       -45.2638171615959     
  0.268427902394648       -44.2875214433261     
  0.272165999430365       -43.3287230541896     
  0.275956152788557       -42.3871366795452     
  0.279799087399766       -41.4624830383192     
  0.283695538289837       -40.5544892446310     
  0.287646250720499       -39.6628891077249     
  0.291651980331919       -38.7874233489371     
  0.295713493287218       -37.9278397114312     
  0.299831566419024       -37.0838929374466     
  0.304006987378047       -36.2553445800532     
  0.308240554783735       -35.4419626265591     
  0.312533078377020       -34.6435208997741     
  0.316885379175194       -33.8597982119995     
  0.321298289628949       -33.0905772540473     
  0.325772653781589       -32.3356432006183     
  0.330309327430471       -31.5947820339761     
  0.334909178290692       -30.8677785969394     
  0.339573086161053       -30.1544144098291     
  0.344301943092333       -29.4544653124144     
  0.349096653557912       -28.7676990259920     
  0.353958134626765       -28.0938727763118     
  0.358887316138868       -27.4327311719216     
  0.363885140883044       -26.7840046012007     
  0.368952564777287       -26.1474084968711     
  0.374090557051601       -25.5226439033932     
  0.379300100433378       -24.9093998919320     
  0.384582191335361       -24.3073584458004     
  0.389937840046226       -23.7162024832052     
  0.395368070923818       -23.1356276750848     
  0.400873922591073       -22.5653585048798     
  0.406456448134676       -22.0051686275658     
  0.412116715306479       -21.4549048934342     
  0.417855806727727       -20.9145133076599     
  0.423674820096126       -20.3840637913307     
  0.429574868395803       -19.8637689611951     
  0.435557080110172       -19.3539906592214     
  0.441622599437784       -18.8552272447237     
  0.447772586511173       -18.3680755668475     
  0.454008217618747       -17.8931648916030     
  0.460330685429774       -17.4310662081512     
  0.466741199222504       -16.9821885360422     
  0.473240985115461       -16.5466818326703     
  0.479831286301956       -16.1243703165828     
  0.486513363287874       -15.7147369933622     
  0.493288494132764       -15.3169686359367     
  0.500157974694289       -14.9300533159034     
  0.507123118876082       -14.5529065534150     
  0.514185258879050       -14.1844945735222     
  0.521345745456184       -13.8239274188835     
  0.528605948170908       -13.4705079221182     
  0.535967255659035       -13.1237377808482     
  0.543431075894365       -12.7832926775895     
  0.550998836457984       -12.4489818852967     
  0.558671984811313       -12.1207054814678     
  0.566451988572959       -11.7984173422391     
  0.574340335799424       -11.4820972703596     
  0.582338535269716       -11.1717323163867     
  0.590448116773933       -10.8673057114631     
  0.598670631405859       -10.5687913864119     
  0.607007651859638       -10.2761522394653     
  0.615460772730574       -9.98934071984534     
  0.624031610820132       -9.70830069323397     
  0.632721805445171       -9.43296987477098     
  0.641533018751494       -9.16328234962156     
  0.650466936031761       -8.89917086842883     
  0.659525266047831       -8.64056872974555     
  0.668709741357589       -8.38741115795373     
  0.678022118646328       -8.13963616296678     
  0.687464179062745       -7.89718491882977     
  0.697037728559615       -7.66000173734979     
  0.706744598239208       -7.42803373058559     
  0.716586644703523       -7.20123025870095     
  0.726565750409391       -6.97954225591784     
  0.736683824028526       -6.76292151041392     
  0.746942800812588       -6.55131995913807     
  0.757344642963345       -6.34468904073184     
  0.767891340007958       -6.14297913266558     
  0.778584909179528       -5.94613908864435     
  0.789427395802914       -5.75411587919614     
  0.800420873685948       -5.56685433069214     
  0.811567445516072       -5.38429695901838     
  0.822869243262520       -5.20638388423848     
  0.834328428584097       -5.03305281409602     
  0.845947193242620       -4.86423908984451     
  0.857727759522143       -4.69987577745924     
  0.869672380653994       -4.53989379808858     
  0.881783341247755       -4.38422209214461     
  0.894062957728224       -4.23278780335553     
  0.906513578778469       -4.08551648002569     
  0.919137585789062       -3.94233229172078     
  0.931937393313553       -3.80315825273470     
  0.944915449530291       -3.66791645000603     
  0.958074236710691       -3.53652827551990     
  0.971416271693998       -3.40891465572355     
  0.984944106368680       -3.28499628230161     
  0.998660328160520       -3.16469383734196     
   1.01256756052751       -3.04792821109507     
   1.02666846346161       -2.93462071607274     
   1.04096573399754       -2.82469328890076     
   1.05546210672864       -2.71806868059365     
   1.07016035432986       -2.61467063439964     
   1.08506328808814       -2.51442404766059     
   1.10017375844008       -2.41725511727867     
   1.11549465551714       -2.32309146093187     
   1.13102890969842       -2.23186221917491     
   1.14677949217117       -2.14349813278498     
   1.16274941549905       -2.05793158558888     
   1.17894173419835       -1.97509662602736     
   1.19535954532221       -1.89492895343755     
   1.21200598905299       -1.81736586829333     
   1.22888424930289       -1.74234619531263     
   1.24599755432289       -1.66981016800844     
   1.26334917732025       -1.59969928043710     
   1.28094243708455       -1.53195610956909     
   1.29878069862247       -1.46652410619990     
   1.31686737380137       -1.40334736895171     
   1.33520592200193       -1.34237038260148     
   1.35379985077976       -1.28353774667256     
   1.37265271653629       -1.22679389706288     
   1.39176812519902       -1.17208280261106     
   1.41114973291118       -1.11934765711742     
   1.43080124673105       -1.06853055915556     
   1.45072642534100       -1.01957217550878     
   1.47092907976636      -0.972411365951919     
   1.49141307410440      -0.926984771042194     
   1.51218232626337      -0.883226341635527     
   1.53324080871188      -0.841066776498985     
   1.55459254923869      -0.800432861631735     
   1.57624163172309      -0.761246710284070     
   1.59819219691603      -0.723424915662847     
   1.62044844323209      -0.686877662632975     
   1.64301462755250      -0.651507958349444     
   1.66589506603934      -0.617211161548765     
   1.68909413496110      -0.583875150324415     
   1.71261627152968      -0.551381682827035     
   1.73646597474911      -0.519609443912291     
   1.76064780627603      -0.488439487207230     
   1.78516639129223      -0.457763770106866     
   1.81002641938923      -0.427497003455121     
   1.83523264546532      -0.397591564528863     
   1.86078989063493      -0.368054262969105     
   1.88670304315082      -0.338962714282789     
   1.91297705933902      -0.310477660023911     
   1.93961696454677      -0.282846849365021     
   1.96662785410377      -0.256396600113391     
   1.99401489429669      -0.231507645900319     
   2.02178332335734      -0.208575676355387     
   2.04993845246457      -0.187960308125085     
   2.07848566676010      -0.169930365059629     
   2.10743042637855      -0.154617631154088     
   2.13677826749174      -0.141989486344293     
   2.16653480336762      -0.131848613166188     
   2.19670572544389      -0.123862078413515     
   2.22729680441657      -0.117606524289279     
   2.25831389134373      -0.112636873573295     
   2.28976291876466      -0.108507414361328     
   2.32164990183449      -0.104900292267327     
   2.35398093947476      -0.101422814688517     
   2.38676221553989      -9.805544108444436E-002
   2.42000000000000      -9.486622030750007E-002
   2.45370065014006      -9.186394488226723E-002
   2.48787061177595      -8.905770678999925E-002
   2.52251642048720      -8.645690660327665E-002
   2.55764470286712      -8.407126288709799E-002
   2.59326217779023      -8.191082187403009E-002
   2.62937565769733      -7.998596742124120E-002
   2.66599204989852      -7.830743125747475E-002
   2.70311835789432      -7.688630352824066E-002
   2.74076168271523      -7.573404364773917E-002
   2.77892922427990      -7.486249146627577E-002
   2.81762828277224      -7.428387876216547E-002
   2.85686626003772      -7.401084106738964E-002
   2.89665066099909      -7.401084106738964E-002
   2.93698909509179      -7.401084106738964E-002
   2.97788927771943      -7.401084106738964E-002
   3.01935903172947      -7.401084106738964E-002
   3.06140628890946      -7.401084106738964E-002
   3.10403909150415      -7.401084106738964E-002
   3.14726559375368      -7.401084106738964E-002
   3.19109406345326      -7.401084106738964E-002
   3.23553288353445      -7.401084106738964E-002
   3.28059055366862      -7.401084106738964E-002
   3.32627569189259      -7.401084106738964E-002
   3.37259703625701      -7.401084106738964E-002
   3.41956344649764      -7.401084106738964E-002
   3.46718390572995      -7.401084106738964E-002
   3.51546752216726      -7.401084106738964E-002
   3.56442353086285      -7.401084106738964E-002
   3.61406129547634      -7.401084106738964E-002
   3.66439031006461      -7.401084106738964E-002
   3.71542020089773      -7.401084106738964E-002
   3.76716072830013      -7.401084106738964E-002
   3.81962178851742      -7.401084106738964E-002
   3.87281341560925      -7.401084106738964E-002
   3.92674578336843      -7.401084106738964E-002
   3.98142920726689      -7.401084106738964E-002
   4.03687414642870      -7.401084106738964E-002
   4.09309120563047      -7.401084106738964E-002
   4.15009113732978      -7.401084106738964E-002
   4.20788484372175      -7.401084106738964E-002
   4.26648337882422      -7.401084106738964E-002
   4.32589795059206      -7.401084106738964E-002
   4.38613992306088      -7.401084106738964E-002
   4.44722081852058      -7.401084106738964E-002
   4.50915231971917      -7.401084106738964E-002
   4.57194627209733      -7.401084106738964E-002
   4.63561468605400      -7.401084106738964E-002
   4.70016973924362      -7.401084106738964E-002
   4.76562377890527      -7.401084106738964E-002
   4.83198932422431      -7.401084106738964E-002
   4.89927906872689      -7.401084106738964E-002
   4.96750588270777      -7.401084106738964E-002
   5.03668281569201      -7.401084106738964E-002
   5.10682309893091      -7.401084106738964E-002
   5.17794014793269      -7.401084106738964E-002
   5.25004756502844      -7.401084106738964E-002
   5.32315914197378      -7.401084106738964E-002
   5.39728886258683      -7.401084106738964E-002
   5.47245090542276      -7.401084106738964E-002
   5.54865964648571      -7.401084106738964E-002
   5.62592966197850      -7.401084106738964E-002
   5.70427573109048      -7.401084106738964E-002
   5.78371283882434      -7.401084106738964E-002
   5.86425617886230      -7.401084106738964E-002
   5.94592115647205      -7.401084106738964E-002
   6.02872339145333      -7.401084106738964E-002
   6.11267872112548      -7.401084106738964E-002
   6.19780320335660      -7.401084106738964E-002
   6.28411311963484      -7.401084106738964E-002
   6.37162497818253      -7.401084106738964E-002
   6.46035551711372      -7.401084106738964E-002
   6.55032170763551      -7.401084106738964E-002
   6.64154075729416      -7.401084106738964E-002
   6.73403011326629      -7.401084106738964E-002
   6.82780746569600      -7.401084106738964E-002
   6.92289075107831      -7.401084106738964E-002
   7.01929815568987      -7.401084106738964E-002
   7.11704811906746      -7.401084106738964E-002
   7.21615933753471      -7.401084106738964E-002
   7.31665076777820      -7.401084106738964E-002
   7.41854163047322      -7.401084106738964E-002
   7.52185141396005      -7.401084106738964E-002
   7.62659987797140      -7.401084106738964E-002
   7.73280705741181      -7.401084106738964E-002
   7.84049326618971      -7.401084106738964E-002
   7.94967910110270      -7.401084106738964E-002
   8.06038544577712      -7.401084106738964E-002
   8.17263347466234      -7.401084106738964E-002
   8.28644465708078      -7.401084106738964E-002
   8.40184076133422      -7.401084106738964E-002
   8.51884385886740      -7.401084106738964E-002
   8.63747632848954      -7.401084106738964E-002
   8.75776086065465      -7.401084106738964E-002
   8.87972046180148      -7.401084106738964E-002
   9.00337845875386      -7.401084106738964E-002
   9.12875850318242      -7.401084106738964E-002
   9.25588457612827      -7.401084106738964E-002
   9.38478099258982      -7.401084106738964E-002
   9.51547240617348      -7.401084106738964E-002
   9.64798381380899      -7.401084106738964E-002
   9.78234056053057      -7.401084106738964E-002
   9.91856834432456      -7.401084106738964E-002
   10.0566932210446      -7.401084106738964E-002
   10.1967416093952      -7.401084106738964E-002
   10.3387402959848      -7.401084106738964E-002
   10.4827164404493      -7.401084106738964E-002
   10.6286975806465      -7.401084106738964E-002
   10.7767116379233      -7.401084106738964E-002
   10.9267869224564      -7.401084106738964E-002
   11.0789521386666      -7.401084106738964E-002
   11.2332363907095      -7.401084106738964E-002
   11.3896691880417      -7.401084106738964E-002
   11.5482804510654      -7.401084106738964E-002
   11.7091005168509      -7.401084106738964E-002
   11.8721601449390      -7.401084106738964E-002
   12.0374905232248      -7.401084106738964E-002
   12.2051232739221      -7.401084106738964E-002
   12.3750904596126      -7.401084106738964E-002
   12.5474245893775      -7.401084106738964E-002
   12.7221586250161      -7.401084106738964E-002
   12.8993259873501      -7.401084106738964E-002
   13.0789605626155      -7.401084106738964E-002
   13.2610967089446      -7.401084106738964E-002
   13.4457692629371      -7.401084106738964E-002
   13.6330135463232      -7.401084106738964E-002
   13.8228653727197      -7.401084106738964E-002
   14.0153610544797      -7.401084106738964E-002
   14.2105374096383      -7.401084106738964E-002
   14.4084317689543      -7.401084106738964E-002
   14.6090819830504      -7.401084106738964E-002
   14.8125264296530      -7.401084106738964E-002
   15.0188040209325      -7.401084106738964E-002
   15.2279542109456      -7.401084106738964E-002
   15.4400170031820      -7.401084106738964E-002
   15.6550329582154      -7.401084106738964E-002
   15.8730432014617      -7.401084106738964E-002
   16.0940894310447      -7.401084106738964E-002
   16.3182139257714      -7.401084106738964E-002
   16.5454595532190      -7.401084106738964E-002
   16.7758697779337      -7.401084106738964E-002
  1.000000000000000E-005  -5199810.63271000     
  1.016020164756315E-005  -5117819.47020425     
  1.032296975191449E-005  -5037121.11314251     
  1.048834542811462E-005  -4957695.17446158     
  1.065637044989416E-005  -4879521.58800621     
  1.082708726020579E-005  -4802580.60342923     
  1.100053898194528E-005  -4726852.79735311     
  1.117676942884431E-005  -4652318.99752777     
  1.135582311653774E-005  -4578960.44392628     
  1.153774527380824E-005  -4506758.57788176     
  1.172258185401104E-005  -4435695.17222507     
  1.191037954668169E-005  -4365752.27272979     
  1.210118578932977E-005  -4296912.21336334     
  1.229504877942161E-005  -4229157.60491160     
  1.249201748655487E-005  -4162471.33293841     
  1.269214166482825E-005  -4096836.55268306     
  1.289547186540929E-005  -4032236.68505128     
  1.310205944930357E-005  -3968655.41234923     
  1.331195660032844E-005  -3906076.67418455     
  1.352521633829462E-005  -3844484.66342286     
  1.374189253239890E-005  -3783863.82215601     
  1.396203991483150E-005  -3724198.83781198     
  1.418571409460135E-005  -3665474.63926674     
  1.441297157158284E-005  -3607676.39303958     
  1.464386975078768E-005  -3550789.49954831     
  1.487846695686531E-005  -3494799.58941987     
  1.511682244883568E-005  -3439692.51986914     
  1.535899643505799E-005  -3385454.37110479     
  1.560505008843927E-005  -3332071.44283831     
  1.585504556188662E-005  -3279530.25081139     
  1.610904600400692E-005  -3227817.52339129     
  1.636711557505816E-005  -3176920.19821063     
  1.662931946315624E-005  -3126825.41888464     
  1.689572390074140E-005  -3077520.53174640     
  1.716639618130848E-005  -3028993.08266673     
  1.744140467640522E-005  -2981230.81389147     
  1.772081885290279E-005  -2934221.66095798     
  1.800470929054311E-005  -2887953.74964266     
  1.829314769976716E-005  -2842415.39295951     
  1.858620693982903E-005  -2797595.08821698     
  1.888396103720006E-005  -2753481.51409656     
  1.918648520426784E-005  -2710063.52780727     
  1.949385585833480E-005  -2667330.16226845     
  1.980615064092118E-005  -2625270.62332954     
  2.012344843737713E-005  -2583874.28705670     
  2.044582939680912E-005  -2543130.69703911     
  2.077337495232551E-005  -2503029.56175059     
  2.110616784160647E-005  -2463560.75195469     
  2.144429212780344E-005  -2424714.29813879     
  2.178783322077340E-005  -2386480.38799584     
  2.213687789865330E-005  -2348849.36395494     
  2.249151432978015E-005  -2311811.72072989     
  2.285183209496224E-005  -2275358.10292483     
  2.321792221010718E-005  -2239479.30266409     
  2.358987714921240E-005  -2204166.25728108     
  2.396779086772401E-005  -2169410.04700478     
  2.435175882626985E-005  -2135201.89272976     
  2.474187801477274E-005  -2101533.15378908     
  2.513824697695004E-005  -2068395.32576303     
  2.554096583520572E-005  -2035780.03834056     
  2.595013631592112E-005  -2003679.05320980     
  2.636586177515101E-005  -1972084.26195476     
  2.678824722473115E-005  -1940987.68402985     
  2.721739935880424E-005  -1910381.46473684     
  2.765342658077070E-005  -1880257.87322704     
  2.809643903067131E-005  -1850609.30056793     
  2.854654861300842E-005  -1821428.25780718     
  2.900386902501297E-005  -1792707.37408203     
  2.946851578536425E-005  -1764439.39476327     
  2.994060626336986E-005  -1736617.17961311     
  3.042025970861299E-005  -1709233.70099067     
  3.090759728107487E-005  -1682282.04206082     
  3.140274208173951E-005  -1655755.39506421     
  3.190581918368904E-005  -1629647.05958658     
  3.241695566369693E-005  -1603950.44086537     
  3.293628063432751E-005  -1578659.04811998     
  3.346392527654966E-005  -1553766.49292504     
  3.400002287287300E-005  -1529266.48757888     
  3.454470884101490E-005  -1505152.84351786     
  3.509812076810688E-005  -1481419.46976822     
  3.566039844544899E-005  -1458060.37138056     
  3.623168390382092E-005  -1435069.64792952     
  3.681212144935885E-005  -1412441.49202397     
  3.740185770000706E-005  -1390170.18782840     
  3.800104162255341E-005  -1368250.10962571     
  3.860982457025830E-005  -1346675.72039300     
  3.922836032108625E-005  -1325441.57039624     
  3.985680511655014E-005  -1304542.29581637     
  4.049531770117760E-005  -1283972.61739566     
  4.114405936260978E-005  -1263727.33910162     
  4.180319397234239E-005  -1243801.34679543     
  4.247288802711951E-005  -1224189.60696882     
  4.315331069099047E-005  -1204887.16544883     
  4.384463383804058E-005  -1185889.14614422     
  4.454703209580629E-005  -1167190.74982427     
  4.526068288938597E-005  -1148787.25289722     
  4.598576648625726E-005  -1130674.00621209     
  4.672246604181251E-005  -1112846.43388406     
  4.747096764562367E-005  -1095300.03214382     
  4.823146036844826E-005  -1078030.36818399     
  4.900413630998848E-005  -1061033.07904953     
  4.978919064741540E-005  -1044303.87052393     
  5.058682168467057E-005  -1027838.51605084     
  5.139723090255731E-005  -1011632.85565571     
  5.222062300963464E-005  -995682.794894212     
  5.305720599392639E-005  -979984.303826742     
  5.390719117545884E-005  -964533.415977176     
  5.477079325963985E-005  -949326.227346518     
  5.564823039149335E-005  -934358.895421377     
  5.653972421076243E-005  -919627.638187216     
  5.744549990789545E-005  -905128.733189135     
  5.836578628092881E-005  -890858.516581652     
  5.930081579328115E-005  -876813.382191130     
  6.025082463247339E-005  -862989.780626601     
  6.121605276978945E-005  -849384.218350981     
  6.219674402089275E-005  -835993.256816367     
  6.319314610741380E-005  -822813.511606440     
  6.420551071952444E-005  -809841.651531919     
  6.523409357951457E-005  -797074.397839543     
  6.627915450638725E-005  -784508.523359168     
  6.734095748148883E-005  -772140.851679949     
  6.841977071519027E-005  -759968.256360378     
  6.951586671463691E-005  -747987.660131579     
  7.062952235258341E-005  -736196.034130452     
  7.176101893733162E-005  -724590.397106943     
  7.291064228378870E-005  -713167.814696530     
  7.407868278566373E-005  -701925.398676406     
  7.526543548882087E-005  -690860.306219489     
  7.647120016580757E-005  -679969.739192740     
  7.769628139157693E-005  -669250.943445244     
  7.894098862042302E-005  -658701.208121776     
  8.020563626414858E-005  -648317.864948390     
  8.149054377148527E-005  -638098.287621750     
  8.279603570878616E-005  -628039.891081185     
  8.412244184201067E-005  -618140.130879814     
  8.547009722002319E-005  -608396.502610599     
  8.683934225922621E-005  -598806.541142650     
  8.823052282954902E-005  -589367.820130776     
  8.964399034181421E-005  -580077.951353695     
  9.108010183650357E-005  -570934.584070797     
  9.253922007394629E-005  -561935.404552761     
  9.402171362595179E-005  -553078.135385597     
  9.552795696891060E-005  -544360.534928260     
  9.705833057838672E-005  -535780.396833139     
  9.861322102522533E-005  -527335.549397558     
  1.001930210732003E-004  -519023.855034846     
  1.017981297782260E-004  -510843.209823125     
  1.034289525891578E-004  -502791.542890973     
  1.050859014502092E-004  -494866.815943334     
  1.067693949050074E-004  -487067.022765913     
  1.084798582023177E-004  -479390.188686096     
  1.102177234034605E-004  -471834.370155093     
  1.119834294914499E-004  -464397.654176778     
  1.137774224818801E-004  -457078.157909863     
  1.156001555355887E-004  -449874.028187528     
  1.174520890731244E-004  -442783.441009054     
  1.193336908910492E-004  -435804.601167756     
  1.212454362801030E-004  -428935.741751168     
  1.231878081452616E-004  -422175.123736467     
  1.251612971277179E-004  -415521.035555268     
  1.271664017288181E-004  -408971.792652086     
  1.292036284359815E-004  -402525.737106285     
  1.312734918506396E-004  -396181.237212184     
  1.333765148182236E-004  -389936.687050800     
  1.355132285602346E-004  -383790.506132267     
  1.376841728084297E-004  -377741.139002331     
  1.398898959411577E-004  -371787.054830442     
  1.421309551218788E-004  -365926.747063659     
  1.444079164399037E-004  -360158.733046635     
  1.467213550533871E-004  -354481.553644153     
  1.490718553346121E-004  -348893.772906401     
  1.514600110176021E-004  -343393.977695575     
  1.538864253480974E-004  -337980.777324899     
  1.563517112359343E-004  -332652.803246687     
  1.588564914098657E-004  -327408.708689193     
  1.614013985748619E-004  -322247.168327516     
  1.639870755719308E-004  -317166.877943902     
  1.666141755404994E-004  -312166.554121065     
  1.692833620833958E-004  -307244.933911917     
  1.719953094344747E-004  -302400.774497370     
  1.747507026289283E-004  -297632.852919585     
  1.775502376763256E-004  -292939.965741230     
  1.803946217364231E-004  -288320.928736416     
  1.832845732977937E-004  -283774.576610677     
  1.862208223593152E-004  -279299.762692452     
  1.892041106145680E-004  -274895.358630730     
  1.922351916391854E-004  -270560.254119194     
  1.953148310812069E-004  -266293.356606520     
  1.984438068544796E-004  -262093.591006546     
  2.016229093351588E-004  -257959.899425876     
  2.048529415613555E-004  -253891.240877410     
  2.081347194359841E-004  -249886.591034355     
  2.114690719328580E-004  -245944.941930152     
  2.148568413060874E-004  -242065.301703644     
  2.182988833028323E-004  -238246.694354140     
  2.217960673794632E-004  -234488.159460331     
  2.253492769211850E-004  -230788.751934578     
  2.289594094651788E-004  -227147.541778621     
  2.326273769273195E-004  -223563.613821338     
  2.363541058325245E-004  -220036.067487022     
  2.401405375487931E-004  -216564.016548156     
  2.439876285249948E-004  -213146.588886667     
  2.478963505324677E-004  -209782.926271191     
  2.518676909104870E-004  -206472.184108886     
  2.559026528156656E-004  -203213.531231383     
  2.600022554753506E-004  -200006.149672729     
  2.641675344450792E-004  -196849.234437478     
  2.683995418701588E-004  -193741.993296157     
  2.726993467514383E-004  -190683.646567356     
  2.770680352153357E-004  -187673.426910424     
  2.815067107881938E-004  -184710.579116968     
  2.860164946750290E-004  -181794.359907906     
  2.905985260427467E-004  -178924.037747878     
  2.952539623078937E-004  -176098.892615471     
  2.999839794290209E-004  -173318.215863764     
  3.047897722037288E-004  -170581.309991589     
  3.096725545704723E-004  -167887.488454094     
  3.146335599152002E-004  -165236.075523101     
  3.196740413829075E-004  -162626.406065543     
  3.247952721941786E-004  -160057.825398457     
  3.299985459668017E-004  -157529.689092720     
  3.352851770425341E-004  -155041.362822328     
  3.406565008191057E-004  -152592.222196731     
  3.461138740875374E-004  -150181.652588863     
  3.516586753748664E-004  -147809.048993293     
  3.572923052923591E-004  -145473.815847278     
  3.630161868893062E-004  -143175.366900922     
  3.688317660124822E-004  -140913.125054259     
  3.747405116713647E-004  -138686.522204937     
  3.807439164092057E-004  -136494.999124675     
  3.868434966800457E-004  -134338.005296705     
  3.930407932317691E-004  -132214.998782980     
  3.993373714952946E-004  -130125.446096553     
  4.057348219800030E-004  -128068.822054817     
  4.122347606754967E-004  -126044.609656903     
  4.188388294597983E-004  -124052.299953572     
  4.255486965140864E-004  -122091.391916718     
  4.323660567440769E-004  -120161.392320401     
  4.392926322081553E-004  -118261.815615390     
  4.463301725523653E-004  -116392.183812321     
  4.534804554523686E-004  -114552.026361490     
  4.607452870624842E-004  -112740.880038140     
  4.681265024719207E-004  -110958.288831267     
  4.756259661683184E-004  -109203.803829055     
  4.832455725087163E-004  -107476.983110204     
  4.909872461980656E-004  -105777.391637988     
  4.988529427754079E-004  -104104.601152330     
  5.068446491078426E-004  -102458.190066145     
  5.149643838924068E-004  -100837.743363723     
  5.232141981659973E-004  -99242.8524987695     
  5.315961758234597E-004  -97673.1152965315     
  5.401124341439786E-004  -96128.1358555237     
  5.487651243258992E-004  -94607.5244516040     
  5.575564320301199E-004  -93110.8974438224     
  5.664885779321857E-004  -91637.8771812842     
  5.755638182832294E-004  -90188.0919113927     
  5.847844454799007E-004  -88761.1756902211     
  5.941527886434192E-004  -87356.7682931465     
  6.036712142079104E-004  -85974.5151280727     
  6.133421265181659E-004  -84614.0671487252     
  6.231679684369757E-004  -83275.0807702953     
  6.331512219621937E-004  -81957.2177858775     
  6.432944088536903E-004  -80660.1452837302     
  6.536000912703423E-004  -79383.5355667649     
  6.640708724172358E-004  -78127.0660724035     
  6.747093972032300E-004  -76890.4192939876     
  6.855183529090592E-004  -75673.2827030260     
  6.965004698661402E-004  -74475.3486730156     
  7.076585221462466E-004  -73296.3144037862     
  7.189953282622395E-004  -72135.8818480850     
  7.305137518800215E-004  -70993.7576377313     
  7.422167025418928E-004  -69869.6530110395     
  7.541071364015028E-004  -68763.2837441302     
  7.661880569705680E-004  -67674.3700779087     
  7.784625158775570E-004  -66602.6366507864     
  7.909336136385310E-004  -65547.8124322625     
  8.036045004403280E-004  -64509.6306521984     
  8.164783769362978E-004  -63487.8287373731     
  8.295584950547860E-004  -62482.1482469743     
  8.428481588205639E-004  -61492.3348074062     
  8.563507251894263E-004  -60518.1380482118     
  8.700696048961509E-004  -59559.3115419027     
  8.840082633160486E-004  -58615.6127429486     
  8.981702213403159E-004  -57686.8029243738     
  9.125590562654038E-004  -56772.6471209687     
  9.271784026966422E-004  -55872.9140707233     
  9.420319534663396E-004  -54987.3761554426     
  9.571234605665830E-004  -54115.8093451067     
  9.724567360969941E-004  -53257.9931416448     
  9.880356532276566E-004  -52413.7105236299     
  1.003864147177476E-003  -51582.7478919767     
  1.019946216208217E-003  -50764.8950165622     
  1.036285922634453E-003  -49959.9449827832     
  1.052887393849707E-003  -49167.6941409839     
  1.069754823369026E-003  -48387.9420543109     
  1.086892471888261E-003  -47620.4914476775     
  1.104304668360308E-003  -46865.1481603753     
  1.121995811088609E-003  -46121.7210955463     
  1.139970368838143E-003  -45390.0221717927     
  1.158232881964247E-003  -44669.8662760354     
  1.176787963559496E-003  -43961.0712191266     
  1.195640300618967E-003  -43263.4576868740     
  1.214794655224173E-003  -42576.8491950234     
  1.234255865745955E-003  -41901.0720478883     
  1.254028848066653E-003  -41235.9552903216     
  1.274118596821853E-003  -40581.3306675088     
  1.294530186662023E-003  -39937.0325817267     
  1.315268773534372E-003  -39302.8980491485     
  1.336339595985230E-003  -38678.7666607248     
  1.357747976483299E-003  -38064.4805402777     
  1.379499322764116E-003  -37459.8843051670     
  1.401599129196022E-003  -36864.8250265313     
  1.424052978168049E-003  -36279.1521907855     
  1.446866541500022E-003  -35702.7176615717     
  1.470045581875251E-003  -35135.3756424766     
  1.493595954296186E-003  -34576.9826398169     
  1.517523607563377E-003  -34027.3974262990     
  1.541834585778139E-003  -33486.4810052194     
  1.566535029869290E-003  -32954.0965755534     
  1.591631179144335E-003  -32430.1094972262     
  1.617129372865514E-003  -31914.3872563201     
  1.643036051851096E-003  -31406.7994329236     
  1.669357760102316E-003  -30907.2176669234     
  1.696101146456387E-003  -30415.5156249855     
  1.723272966265994E-003  -29931.5689703615     
  1.750880083105677E-003  -29455.2553304630     
  1.778929470505581E-003  -28986.4542645105     
  1.807428213712945E-003  -28525.0472355901     
  1.836383511481838E-003  -28070.9175783513     
  1.865802677891557E-003  -27623.9504703646     
  1.895693144194154E-003  -27184.0329038886     
  1.926062460691560E-003  -26751.0536551863     
  1.956918298642793E-003  -26324.9032580095     
  1.988268452201697E-003  -25905.4739752894     
  2.020120840385752E-003  -25492.6597715393     
  2.052483509076397E-003  -25086.3562867893     
  2.085364633051420E-003  -24686.4608090726     
  2.118772518049896E-003  -24292.8722490103     
  2.152715602870208E-003  -23905.4911145189     
  2.187202461501677E-003  -23524.2194845896     
  2.222241805290352E-003  -23148.9609855389     
  2.257842485139473E-003  -22779.6207658272     
  2.294013493745216E-003  -22416.1054721160     
  2.330763967868224E-003  -22058.3232262353     
  2.368103190641554E-003  -21706.1836009242     
  2.406040593915588E-003  -21359.5975978172     
  2.444585760640498E-003  -21018.4776243390     
  2.483748427286899E-003  -20682.7374713688     
  2.523538486305274E-003  -20352.2922922195     
  2.563965988624785E-003  -20027.0585802277     
  2.605041146192142E-003  -19706.9541478995     
  2.646774334551120E-003  -19391.8981065133     
  2.689176095463414E-003  -19081.8108448592     
  2.732257139571482E-003  -18776.6140096705     
  2.776028349104036E-003  -18476.2304855619     
  2.820500780624882E-003  -18180.5843753354     
  2.865685667825807E-003  -17889.6009810788     
  2.911594424364188E-003  -17603.2067850392     
  2.958238646746069E-003  -17321.3294309816     
  3.005630117255440E-003  -17043.8977058089     
  3.053780806930412E-003  -16770.8415218673     
  3.102702878587110E-003  -16502.0918987466     
  3.152408689891970E-003  -16237.5809459858     
  3.202910796483276E-003  -15977.2418460850     
  3.254221955142719E-003  -15721.0088372280     
  3.306355127017724E-003  -15468.8171967427     
  3.359323480895432E-003  -15220.6032248556     
  3.413140396529135E-003  -14976.3042285136     
  3.467819468017964E-003  -14735.8585052748     
  3.523374507240769E-003  -14499.2053279078     
  3.579819547344967E-003  -14266.2849290343     
  3.637168846291308E-003  -14037.0384857467     
  3.695436890455432E-003  -13811.4081050400     
  3.754638398287093E-003  -13589.3368088728     
  3.814788324028037E-003  -13370.7685197830     
  3.875901861489433E-003  -13155.6480469311     
  3.937994447889799E-003  -12943.9210717817     
  4.001081767754449E-003  -12735.5341344719     
  4.065179756877364E-003  -12530.4346203938     
  4.130304606346572E-003  -12328.5707466965     
  4.196472766634013E-003  -12129.8915492019     
  4.263700951750879E-003  -11934.3468695909     
  4.332006143469583E-003  -11741.8873426760     
  4.401405595613335E-003  -11552.4643835885     
  4.471916838414428E-003  -11366.0301759931     
  4.543557682942363E-003  -11182.5376597171     
  4.616346225602922E-003  -11001.9405184599     
  4.690300852709271E-003  -10824.1931688187     
  4.765440245126359E-003  -10649.2507480816     
  4.841783382989659E-003  -10477.0691031467     
  4.919349550499538E-003  -10307.6047792743     
  4.998158340792446E-003  -10140.8150089567     
  5.078229660890092E-003  -9976.65770140058     
  5.159583736727954E-003  -9815.09143147765     
  5.242241118264340E-003  -9656.07542941666     
  5.326222684671260E-003  -9499.56957038549     
  5.411549649608517E-003  -9345.53436424789     
  5.498243566582225E-003  -9193.93094588256     
  5.586326334389218E-003  -9044.72106489002     
  5.675820202648675E-003  -8897.86707598356     
  5.766747777422330E-003  -8753.33192971086     
  5.859132026924745E-003  -8611.07916264711     
  5.952996287325083E-003  -8471.07288844109     
  6.048364268641759E-003  -8333.27778856127     
  6.145260060731609E-003  -8197.65910320198     
  6.243708139374933E-003  -8064.18262272276     
  6.343733372458060E-003  -7932.81467881124     
  6.445361026254973E-003  -7803.52213578397     
  6.548616771809511E-003  -7676.27238232933     
  6.653526691419863E-003  -7551.03332322074     
  6.760117285226950E-003  -7427.77337100066     
  6.868415477908294E-003  -7306.46143803650     
  6.978448625479210E-003  -7187.06692861924     
  7.090244522202869E-003  -7069.55973103403     
  7.203831407611114E-003  -6953.91021006863     
  7.319237973637762E-003  -6840.08919928824     
  7.436493371866118E-003  -6728.06799369804     
  7.555627220892653E-003  -6617.81834237881     
  7.676669613808653E-003  -6509.31244123495     
  7.799651125801666E-003  -6402.52292599143     
  7.924602821878781E-003  -6297.42286510121     
  8.051556264713640E-003  -6193.98575289640     
  8.180543522619087E-003  -6092.18550282452     
  8.311597177647652E-003  -5991.99644074730     
  8.444750333821692E-003  -5893.39329838923     
  8.580036625495457E-003  -5796.35120685142     
  8.717490225851112E-003  -5700.84569024945     
  8.857145855530815E-003  -5606.85265941506     
  8.999038791407125E-003  -5514.34840575408     
  9.143204875493938E-003  -5423.30959516985     
  9.289680524000088E-003  -5333.71326201643     
  9.438502736528102E-003  -5245.53680325170     
  9.589709105420214E-003  -5158.75797264053     
  9.743337825254174E-003  -5073.35487501076     
  9.899427702491184E-003  -4989.30596061990     
  1.005801816527832E-002  -4906.59001965566     
  1.021914927340808E-002  -4825.18617676042     
  1.038286172843746E-002  -4745.07388563571     
  1.054919688396906E-002  -4666.23292380997     
  1.071819675609705E-002  -4588.64338740589     
  1.088990403402033E-002  -4512.28568600380     
  1.106436209082579E-002  -4437.14053764584     
  1.124161499444435E-002  -4363.18896384909     
  1.142170751878241E-002  -4290.41228469743     
  1.160468515503174E-002  -4218.79211409343     
  1.179059412316051E-002  -4148.31035499458     
  1.197948138358837E-002  -4078.94919476624     
  1.217139464904867E-002  -4010.69110059959     
  1.236638239664056E-002  -3943.51881502411     
  1.256449388007433E-002  -3877.41535147230     
  1.276577914211283E-002  -3812.36398990686     
  1.297028902721221E-002  -3748.34827256965     
  1.317807519436517E-002  -3685.35199972803     
  1.338919013015001E-002  -3623.35922555620     
  1.360368716198864E-002  -3562.35425406576     
  1.382162047161706E-002  -3502.32163507935     
  1.404304510877162E-002  -3443.24616030302     
  1.426801700509450E-002  -3385.11285947617     
  1.449659298826202E-002  -3327.90699654449     
  1.472883079633922E-002  -3271.61406592244     
  1.496478909236445E-002  -3216.21978885239     
  1.520452747916764E-002  -3161.71010976999     
  1.544810651442583E-002  -3108.07119276712     
  1.569558772596002E-002  -3055.28941812925     
  1.594703362727710E-002  -3003.35137889295     
  1.620250773336056E-002  -2952.24387750802     
  1.646207457671447E-002  -2901.95392253468     
  1.672579972366418E-002  -2852.46872539874     
  1.699374979091840E-002  -2803.77569722297     
  1.726599246239651E-002  -2755.86244568941     
  1.754259650632540E-002  -2708.71677197308     
  1.782363179261028E-002  -2662.32666772177     
  1.810916931048379E-002  -2616.68031209070     
  1.839928118643773E-002  -2571.76606882170     
  1.869404070244223E-002  -2527.57248336028     
  1.899352231445662E-002  -2484.08828003606     
  1.929780167123695E-002  -2441.30235927827     
  1.960695563344486E-002  -2399.20379485834     
  1.992106229306241E-002  -2357.78183117611     
  2.024020099311807E-002  -2317.02588058565     
  2.056445234772876E-002  -2276.92552075506     
  2.089389826246277E-002  -2237.47049203252     
  2.122862195502909E-002  -2198.65069485694     
  2.156870797629819E-002  -2160.45618719822     
  2.191424223165932E-002  -2122.87718199793     
  2.226531200272030E-002  -2085.90404464468     
  2.262200596935464E-002  -2049.52729047453     
  2.298441423210203E-002  -2013.73758227608     
  2.335262833492770E-002  -1978.52572783423     
  2.372674128834623E-002  -1943.88267749619     
  2.410684759291599E-002  -1909.79952176551     
  2.449304326310988E-002  -1876.26748894065     
  2.488542585156844E-002  -1843.27794280418     
  2.528409447374163E-002  -1810.82238038085     
  2.568914983292521E-002  -1778.89242976872     
  2.610069424569832E-002  -1747.47984808037     
  2.651883166776861E-002  -1716.57651951811     
  2.694366772023126E-002  -1686.17445359366     
  2.737530971624875E-002  -1656.26578354336     
  2.781386668815821E-002  -1626.84276498473     
  2.825944941501267E-002  -1597.89777481586     
  2.871217045056393E-002  -1569.42331043176     
  2.917214415169337E-002  -1541.41198929098     
  2.963948670729845E-002  -1513.85654884861     
  3.011431616764195E-002  -1486.74984690283     
  3.059675247417137E-002  -1460.08486235678     
  3.108691748981577E-002  -1433.85469640429     
  3.158493502976856E-002  -1408.05257410057     
  3.209093089276300E-002  -1382.67184626845     
  3.260503289284856E-002  -1357.70599165565     
  3.312737089167704E-002  -1333.14861918504     
  3.365807683130530E-002  -1308.99347014478     
  3.419728476752349E-002  -1285.23442008896     
  3.474513090371781E-002  -1261.86548016009     
  3.530175362527515E-002  -1238.88079756432     
  3.586729353453887E-002  -1216.27465486464     
  3.644189348632527E-002  -1194.04146777961     
  3.702569862400833E-002  -1172.17578121113     
  3.761885641618258E-002  -1150.67226327112     
  3.822151669391396E-002  -1129.52569720066     
  3.883383168858674E-002  -1108.73097116526     
  3.945595607035689E-002  -1088.28306611052     
  4.008804698722190E-002  -1068.17704198110     
  4.073026410471606E-002  -1048.40802279577     
  4.138276964624189E-002  -1028.97118122003     
  4.204572843404728E-002  -1009.86172333328     
  4.271930793085997E-002  -991.074874378886     
  4.340367828218815E-002  -972.605866239888     
  4.409901235929887E-002  -954.449927273024     
  4.480548580288557E-002  -936.602275024488     
  4.552327706743459E-002  -919.058112133133     
  4.625256746630223E-002  -901.812625498446     
  4.699354121751494E-002  -884.860988659367     
  4.774638549030226E-002  -868.198367076280     
  4.851129045237540E-002  -851.819925929461     
  4.928844931796388E-002  -835.720839977760     
  5.007805839662099E-002  -819.896304924243     
  5.088031714281119E-002  -804.341549814460     
  5.169542820629255E-002  -789.051849918420     
  5.252359748330557E-002  -774.022539598071     
  5.336503416858256E-002  -759.249024688972     
  5.421995080818959E-002  -744.726793874018     
  5.508856335321605E-002  -730.451428651131     
  5.597109121432333E-002  -716.418611486951     
  5.686775731716748E-002  -702.624131887433     
  5.777878815871061E-002  -689.063890265460     
  5.870441386443344E-002  -675.733899585165     
  5.964486824646453E-002  -662.630284968443     
  6.060038886264155E-002  -649.749281536106     
  6.157121707651789E-002  -637.087230834847     
  6.255759811833050E-002  -624.640576247364     
  6.355978114694545E-002  -612.405857751614     
  6.457801931279492E-002  -600.379706339850     
  6.561256982182234E-002  -588.558838368670     
  6.666369400045311E-002  -576.940049999008     
  6.773165736160501E-002  -565.520211851159     
  6.881672967175616E-002  -554.296263943075     
  6.991918501908843E-002  -543.265210924654     
  7.103930188272145E-002  -532.424117634094     
  7.217736320305633E-002  -521.770104964784     
  7.333365645324563E-002  -511.300346035187     
  7.450847371180958E-002  -501.012062660106     
  7.570211173641442E-002  -490.902522121243     
  7.691487203883268E-002  -480.969034229007     
  7.814706096110563E-002  -471.208948672009     
  7.939898975292442E-002  -461.619652654775     
  8.067097465025116E-002  -452.198568815809     
  8.196333695520065E-002  -442.943153411672     
  8.327640311720041E-002  -433.850894765862     
  8.461050481545121E-002  -424.919311964080     
  8.596597904270967E-002  -416.145953780292     
  8.734316819041189E-002  -407.528397824106     
  8.874242013516077E-002  -399.064249886043     
  9.016408832660011E-002  -390.751143467404     
  9.160853187669513E-002  -382.586739475585     
  9.307611565044402E-002  -374.568726065586     
  9.456721035804189E-002  -366.694818608510     
  9.608219264852277E-002  -358.962759766029     
  9.762144520490020E-002  -351.370319654295     
  9.918535684083221E-002  -343.915296068151     
  0.100774322598836       -336.595514751113     
  0.102388743850076       -329.408829688802     
  0.104029028395746       -322.353123403787     
  0.105695590570085       -315.426307240824     
  0.107388851345034       -308.626321625449     
  0.109109238436573       -301.951136302147     
  0.110857186412763       -295.398750552674     
  0.112633136803517       -288.967193420150     
  0.114437538212130       -282.654523984522     
  0.116270846428595       -276.458831744255     
  0.118133524544737       -270.378237197215     
  0.120026043071188       -264.410892727315     
  0.121948880056237       -258.554983924941     
  0.123902521206586       -252.808731483625     
  0.125887460010038       -247.170393808317     
  0.127904197860153       -241.638270442596     
  0.129953244182897       -236.210706366805     
  0.132035116565325       -230.886097115781     
  0.134150340886321       -225.662894523676     
  0.136299451449435       -220.539612723765     
  0.138482991117851       -215.514833812309     
  0.140701511451506       -210.587212365784     
  0.142955572846421       -205.755477821558     
  0.145245744676255       -201.018433622333     
  0.147572605436122       -196.374952050698     
  0.149936742888727       -191.823963876785     
  0.152338754212830       -187.364442311890     
  0.154779246154091       -182.995381300133     
  0.157258835178338       -178.715768820990     
  0.159778147627281       -174.524556540915     
  0.162337819876729       -170.420627860396     
  0.164938498497335       -166.402767004021     
  0.167580840417921       -162.469632405593     
  0.170265513091418       -158.619738280877     
  0.172993194663461       -154.851448368611     
  0.175764574143691       -151.162985439627     
  0.178580351579797       -147.552458609120     
  0.181441238234345       -144.017907454920     
  0.184347956764449       -140.557358192737     
  0.187301241404306       -137.168883598330     
  0.190301838150665       -133.850656677543     
  0.193350504951268       -130.600989191336     
  0.196448011896305       -127.418349865219     
  0.199595141412934       -124.301362118113     
  0.202792688462929       -121.248785555993     
  0.206041460743481       -118.259487992132     
  0.209342278891224       -115.332415019115     
  0.212695976689523       -112.466562669346     
  0.216103401279095       -109.660956440613     
  0.219565413371986       -106.914637717003     
  0.223082887468993       -104.226656922897     
  0.226656712080561       -101.596071768924     
  0.230287789951217       -99.0219486133660     
  0.233977038287603       -96.5033651157272     
  0.237725388990164       -94.0394127772147     
  0.241533788888546       -91.6291984939317     
  0.245403199980758       -89.2718447460457     
  0.249334599676176       -86.9664884330207     
  0.253328981042439       -84.7122786183312     
  0.257387353056288       -82.5083735684589     
  0.261510740858441       -80.3539374877716     
  0.265700186012539       -78.2481373021839     
  0.269956746768244       -76.1901397649548     
  0.274281498328550       -74.1791090679710     
  0.278675533121382       -72.2142050631674     
  0.283139961075541       -70.2945821371004     
  0.287675909901067       -68.4193887358310     
  0.292284525374105       -66.5877675086945     
  0.296966971626320       -64.7988560256763     
  0.301724431438957       -63.0517880106731     
  0.306558106541614       -61.3456950323124     
  0.311469217915795       -59.6797085909636     
  0.316459006103327       -58.0529625332944     
  0.321528731519722       -56.4645957213514     
  0.326679674772557       -54.9137548702862     
  0.331913136984952       -53.3995974497946     
  0.337230440124236       -51.9212945237520     
  0.342632927335872       -50.4780333746379     
  0.348121963282731       -49.0690197271658     
  0.353698934489812       -47.6934793616149     
  0.359365249694472       -46.3506588833267     
  0.365122340202271       -45.0398254088061     
  0.370971660248523       -43.7602649622200     
  0.376914687365627       -42.5112794380754     
  0.382952922756300       -41.2921821332146     
  0.389087891672768       -40.1022920645337     
  0.395321143802053       -38.9409276550440     
  0.401654253657417       -37.8074007837650     
  0.408088820976083       -36.7010128317207     
  0.414626471123330       -35.6210550148807     
  0.421268855503056       -34.5668158521141     
  0.428017651974919       -33.5375991731321     
  0.434874565278168       -32.5327556025734     
  0.441841327462256       -31.5517291510851     
  0.448919698324350       -30.5941173187878     
  0.456111465853861       -29.6597378402332     
  0.463418446684084       -28.7486883686077     
  0.470842486551079       -27.8613787899680     
  0.478385460759900       -26.9985122096392     
  0.486049274658299       -26.1609927154489     
  0.493835864118012       -25.3497492906437     
  0.501747196023760       -24.5654835300790     
  0.509785268770079       -23.8083772708702     
  0.517952112766119       -23.0778308963815     
  0.526249790948513       -22.3723332344599     
  0.534680399302484       -21.6895618720432     
  0.543246067391283       -21.0267414465011     
  0.551948958894111       -20.3811597575423     
  0.560791272152671       -19.7506403938731     
  0.569775240726461       -19.1337902227992     
  0.578903133956967       -18.5299733561511     
  0.588177257540905       -17.9391003293445     
  0.597599954112628       -17.3613688439802     
  0.607173603835878       -16.7970535948509     
  0.616900625005014       -16.2463782594296     
  0.626783474655869       -15.7094590194423     
  0.636824649186391       -15.1862945680506     
  0.647026684987239       -14.6767805127346     
  0.657392159082467       -14.1807338291216     
  0.667923689780478       -13.6979193507225     
  0.678623937335407       -13.2280740368995     
  0.689495604619099       -12.7709267850583     
  0.700541437803852       -12.3262127786833     
  0.711764227056095       -11.8936822851843     
  0.723166807241185       -11.4731045254444     
  0.734752058639488       -11.0642676917953     
  0.746522907673933       -10.6669763649680     
  0.758482327649233       -10.2810475078020     
  0.770633339502928       -9.90630599117883     
  0.782979012568473       -9.54258032553151     
  0.795522465350556       -9.18969900042168     
  0.808266866312823       -8.84748761591855     
  0.821215434678224       -8.51576683648203     
  0.834371441242198       -8.19435110542733     
  0.847738209198863       -7.88304801033494     
  0.861319114980451       -7.58165817469778     
  0.875117589110201       -7.28997555602969     
  0.889137117068895       -7.00778804260310     
  0.903381240175295       -6.73487825963091     
  0.917853556480667       -6.47102451275418     
  0.932557721677656       -6.21600180886036     
  0.947497450023707       -5.96958291046955     
  0.962676515279274       -5.73153938658650     
  0.978098751661083       -5.50164262961824     
  0.993768054810640       -5.27966481590088     
   1.00968838277827       -5.06537979067068     
   1.02586375702291       -4.85856385831913     
   1.04229826342795       -4.65899646615804     
   1.05899605333329       -4.46646077063601     
   1.07596134458398       -4.28074407820886     
   1.09319842259564       -4.10163815964089     
   1.11071164143696       -3.92893943874331     
   1.12850542492954       -3.76244906614348     
   1.14658426776531       -3.60197289569288     
   1.16495273664191       -3.44732138720445     
   1.18361547141623       -3.29830947216104     
   1.20257718627644       -3.15475642508439     
   1.22184267093277       -3.01648578580972     
   1.24141679182741       -2.88332539051729     
   1.26130449336374       -2.75510755749432     
   1.28151079915531       -2.63166946781716     
   1.30204081329478       -2.51285376693201     
   1.32289972164320       -2.39850937601813     
   1.34409279314001       -2.28849246693460     
   1.36562538113389       -2.18266750074540     
   1.38750292473506       -2.08090817486804     
   1.40973095018919       -1.98309807400612     
   1.43231507227329       -1.88913078342006     
   1.45526099571406       -1.79890922170663     
   1.47857451662884       -1.71234401687855     
   1.50226152398973       -1.62935086219298     
   1.52632800111111       -1.54984696296926     
   1.55078002716109       -1.47374690819551     
   1.57562377869701       -1.40095849522399     
   1.60086553122571       -1.33137916435875     
   1.62651166078865       -1.26489369251275     
   1.65256864557255       -1.20137363165247     
   1.67904306754574       -1.14067869045939     
   1.70594161412077       -1.08265988275830     
   1.73327107984364       -1.02716393083568     
   1.76103836811009      -0.974038227428481     
   1.78925049290941      -0.923135583860996     
   1.81791458059614      -0.874318159392994     
   1.84703787169019      -0.827460188465943     
   1.87662772270582      -0.782449383863589     
   1.90669160800984      -0.739187157776187     
   1.93723712170964      -0.697587918252298     
   1.96827197957147      -0.657577756673541     
   1.99980402096945      -0.619092840420343     
   2.03184121086572      -0.582077778942225     
   2.06439164182246      -0.546484072986052     
   2.09746353604601      -0.512268801611209     
   2.13106524746383      -0.479393492811082     
   2.16520526383466      -0.447823479194646     
   2.19989220889253      -0.417526554933979     
   2.23513484452513      -0.388474906531412     
   2.27094207298700      -0.360637245706042     
   2.30732293914829      -0.334001300589925     
   2.34428663277948      -0.308512761263112     
   2.38184249087263      -0.284197453952130     
   2.42000000000000      -0.261138106619835     
   2.45876879871029      -0.239407984469919     
   2.49815867996331      -0.219083242833890     
   2.53817959360374      -0.200243028906145     
   2.57884164887439      -0.182969586899246     
   2.62015511696980      -0.167348366732000     
   2.66213043363076      -0.153468136366618     
   2.70477820178032      -0.141421097915051     
   2.74810919420214      -0.131303007638492     
   2.79213435626160      -0.123213299968059     
   2.83686480867067      -0.117255215678883     
   2.88231185029697      -0.113535934354108     
   2.92848696101781      -0.112166711279752     
   2.97540180462003      -0.112166711279752     
   3.02306823174628      -0.112166711279752     
   3.07149828288844      -0.112166711279752     
   3.12070419142905      -0.112166711279752     
   3.17069838673147      -0.112166711279752     
   3.22149349727949      -0.112166711279752     
   3.27310235386730      -0.112166711279752     
   3.32553799284054      -0.112166711279752     
   3.37881365938923      -0.112166711279752     
   3.43294281089353      -0.112166711279752     
   3.48793912032305      -0.112166711279752     
   3.54381647969062      -0.112166711279752     
   3.60058900356141      -0.112166711279752     
   3.65827103261823      -0.112166711279752     
   3.71687713728404      -0.112166711279752     
   3.77642212140231      -0.112166711279752     
   3.83692102597656      -0.112166711279752     
   3.89838913296968      -0.112166711279752     
   3.96084196916408      -0.112166711279752     
   4.02429531008381      -0.112166711279752     
   4.08876518397942      -0.112166711279752     
   4.15426787587666      -0.112166711279752     
   4.22081993169006      -0.112166711279752     
   4.28843816240248      -0.112166711279752     
   4.35713964831144      -0.112166711279752     
   4.42694174334365      -0.112166711279752     
   4.49786207943863      -0.112166711279752     
   4.56991857100242      -0.112166711279752     
   4.64312941943282      -0.112166711279752     
   4.71751311771702      -0.112166711279752     
   4.79308845510293      -0.112166711279752     
   4.86987452184527      -0.112166711279752     
   4.94789071402781      -0.112166711279752     
   5.02715673846278      -0.112166711279752     
   5.10769261766877      -0.112166711279752     
   5.18951869492843      -0.112166711279752     
   5.27265563942717      -0.112166711279752     
   5.35712445147410      -0.112166711279752     
   5.44294646780680      -0.112166711279752     
   5.53014336698087      -0.112166711279752     
   5.61873717484594      -0.112166711279752     
   5.70875027010940      -0.112166711279752     
   5.80020538998922      -0.112166711279752     
   5.89312563595731      -0.112166711279752     
   5.98753447957500      -0.112166711279752     
   6.08345576842192      -0.112166711279752     
   6.18091373211979      -0.112166711279752     
   6.27993298845291      -0.112166711279752     
   6.38053854958654      -0.112166711279752     
   6.48275582838494      -0.112166711279752     
   6.58661064483063      -0.112166711279752     
   6.69212923254651      -0.112166711279752     
   6.79933824542246      -0.112166711279752     
   6.90826476434804      -0.112166711279752     
   7.01893630405314      -0.112166711279752     
   7.13138082005816      -0.112166711279752     
   7.24562671573551      -0.112166711279752     
   7.36170284948435      -0.112166711279752     
   7.47963854202013      -0.112166711279752     
   7.59946358378097      -0.112166711279752     
   7.72120824245275      -0.112166711279752     
   7.84490327061467      -0.112166711279752     
   7.97057991350726      -0.112166711279752     
   8.09826991692502      -0.112166711279752     
   8.22800553523526      -0.112166711279752     
   8.35981953952561      -0.112166711279752     
   8.49374522588187      -0.112166711279752     
   8.62981642379865      -0.112166711279752     
   8.76806750472467      -0.112166711279752     
   8.90853339074485      -0.112166711279752     
   9.05124956340171      -0.112166711279752     
   9.19625207265794      -0.112166711279752     
   9.34357754600251      -0.112166711279752     
   9.49326319770287      -0.112166711279752     
   9.64534683820515      -0.112166711279752     
   9.79986688368499      -0.112166711279752     
   9.95686236575157      -0.112166711279752     
   10.1163729413069      -0.112166711279752     
   10.2784389025629      -0.112166711279752     
   10.4431011872197      -0.112166711279752     
   10.6104013888058      -0.112166711279752     
   10.7803817671851      -0.112166711279752     
   10.9530852592314      -0.112166711279752     
   11.1285554896743      -0.112166711279752     
   11.3068367821186      -0.112166711279752     
   11.4879741702409      -0.112166711279752     
   11.6720134091645      -0.112166711279752     
   11.8590009870172      -0.112166711279752     
   12.0489841366745      -0.112166711279752     
   12.2420108476903      -0.112166711279752     
   12.4381298784189      -0.112166711279752     
   12.6373907683316      -0.112166711279752     
   12.8398438505302      -0.112166711279752     
   13.0455402644611      -0.112166711279752     
   13.2545319688329      -0.112166711279752     
   13.4668717547414      -0.112166711279752     
   13.6826132590045      -0.112166711279752     
   13.9018109777107      -0.112166711279752     
   14.1245202799848      -0.112166711279752     
   14.3507974219740      -0.112166711279752     
   14.5806995610586      -0.112166711279752     
   14.8142847702891      -0.112166711279752     
   15.0516120530560      -0.112166711279752     
   15.2927413579942      -0.112166711279752     
   15.5377335941249      -0.112166711279752     
   15.7866506462425      -0.112166711279752     
   16.0395553905457      -0.112166711279752     
   16.2965117105203      -0.112166711279752     
   16.5575845130760      -0.112166711279752     
   16.8228397449422      -0.112166711279752     
   17.0923444093252      -0.112166711279752     
   17.3661665828343      -0.112166711279752     
   17.6443754326769      -0.112166711279752     
   17.9270412341306      -0.112166711279752     
   18.2142353882947      -0.112166711279752     
   18.5060304401255      -0.112166711279752     
   18.8025000967616      -0.112166711279752     
   19.1037192461424      -0.112166711279752     
   19.4097639759239      -0.112166711279752     
   19.7207115926995      -0.112166711279752     
   20.0366406415263      -0.112166711279752     
   20.3576309257666      -0.112166711279752     
   20.6837635272456      -0.112166711279752     
   21.0151208267328      -0.112166711279752     
   21.3517865247509      -0.112166711279752     
   21.6938456627191      -0.112166711279752     
   22.0413846444339      -0.112166711279752     
   22.3944912578950      -0.112166711279752     
